69 104
1 0
1 0
1 0
1 0
1 0
0 -1
0 -1
1 0
1 0
0 -1
1 0
0 -1
1 0
1 0
0 -1
1 0
1 0
1 0
0 -1
1 0
1 0
1 0
0 -1
1 0
1 0
1 0
0 -1
1 0
1 0
1 0
1 0
1 0
1 0
1 0
1 0
1 0
1 0
1 0
1 0
1 0
1 0
1 0
1 0
1 0
1 0
1 0
1 0
1 0
1 0
1 0
1 0
0 1
-1 0
-1 0
-1 0
-1 0
-1 0
-1 0
-1 0
-1 0
-1 0
-1 0
-5 0
-1 0
-1 0
-1 0
-1 0
-1 0
-1 0
-1 0
-1 0
-1 1
-1 0
-1 0
1 2
1 0
0 1
-1 0
2 0
1 0
1 0
1 0
1 0
1 0
1 0
1 0
1 0
1 0
1 0
0 1
1 0
1 0
1 0
1 0
1 0
0 1
-1 0
-1 0
3 4
1 0
1 0
1 0
1 0
1 0
1 0
1 0
1 0
1 0
1 0
1 0
1 0
1 0
0 1
-1 0
-1 0
-1 0
-1 0
-1 0
-1 0
0 2
-1 0
-1 0
-1 0
-1 0
-1 0
-1 0
0 -1
0 -1
-1 0
0 1
0 1
0 1
1 0
1 0
1 0
1 0
1 0
1 0
1 0
1 0
0 -1
1 0
1 0
1 0
0 1
-1 0
-1 0
2 1
1 0
0 -1
1 0
1 0
1 0
1 0
0 1
-1 0
-1 0
-1 0
0 1
-1 0
0 1
1 0
1 0
0 -1
1 0
1 0
0 1
-1 0
0 2
-1 0
-1 0
0 -1
-1 0
0 1
-1 0
-1 0
0 -1
-1 0
-1 0
0 -1
-1 1
-1 0
0 -1
-1 0
-1 0
-1 0
0 -1
0 -1
1 0
1 0
1 0
-1 3
-1 0
-1 0
-1 -1
0 -1
-1 0
0 -1
-1 0
-1 0
-1 0
0 -1
-1 0
-1 0
0 -1
-1 1
-1 0
-1 0
0 -1
-1 1
-1 0
-1 0
0 1
1 0
1 0
1 0
1 0
1 0
1 0
1 0
0 2
-1 0
-1 0
-1 0
-1 0
0 -1
-1 0
-1 0
-1 0
-1 0
-1 0
-1 0
0 -1
-1 0
-1 0
-1 0
-1 0
0 -1
-1 0
-1 0
-1 0
-1 0
-1 0
0 -1
0 -1
0 -1
1 0
1 0
1 0
1 0
0 1
-1 0
-1 0
-1 0
-2 0
0 1
0 2
-1 0
0 1
-1 0
-1 0
0 -1
-1 0
-1 0
-1 0
-1 0
-1 0
-1 0
0 -1
-1 0
-1 0
-1 0
-1 0
-1 0
0 -1
-1 0
0 -1
0 -1
0 -1
-1 0
0 1
0 1
0 1
1 1
1 1
1 0
1 0
1 0
1 0
2 -5
0 -1
0 -1
-1 0
-2 0
-1 0
-1 0
-1 0
0 1
1 0
1 0
-2 1
7 0
0 -1
0 -1
0 -1
0 -1
1 1
1 0
0 1
-1 0
0 1
1 0
1 0
0 -1
0 2
-1 0
-1 0
0 1
1 0
1 0
1 0
0 -1
1 0
1 0
1 0
-2 1
-1 1
-1 0
5 3
1 0
1 0
1 0
1 0
2 1
1 0
0 1
-1 0
0 1
1 0
1 0
1 0
1 0
1 0
1 0
1 0
0 -1
1 0
1 1
1 0
1 0
1 0
1 0
1 0
2 0
0 -1
0 -1
-1 0
2 1
0 1
-8 1
-1 0
-1 0
-5 0
-1 0
-1 0
0 1
1 0
1 0
-1 -7
-1 0
0 -1
-1 0
-7 -9
-1 0
-2 1
34 -3
1 0
0 -1
1 0
1 0
1 0
1 0
0 1
-1 0
-1 0
-1 0
4 0
1 0
1 0
1 0
1 0
1 0
1 1
1 0
1 0
1 0
1 0
1 0
1 0
1 0
1 0
1 0
0 1
-1 0
-1 0
-1 0
-1 0
-1 0
5 1
1 0
0 -1
1 0
1 0
1 0
1 0
0 1
-1 0
-1 0
-1 0
4 0
1 0
1 0
1 0
1 0
1 0
0 -1
0 -1
0 -1
0 -1
1 0
0 -1
1 0
1 0
1 0
1 0
1 0
1 0
1 0
1 0
1 0
1 0
1 0
1 0
1 0
1 0
1 0
1 0
1 0
1 0
1 0
1 0
1 0
1 0
0 -1
1 0
0 -1
1 0
1 0
0 -1
1 0
1 0
0 -1
1 0
1 0
0 -1
1 0
0 -1
0 -1
0 -1
0 -1
0 -1
0 -1
0 -1
0 -1
0 -1
0 -1
0 -1
1 0
0 -1
1 0
1 0
1 0
1 0
1 0
1 0
1 0
0 1
-1 0
-1 0
-1 0
-1 0
-1 0
-1 0
0 1
-1 0
1 1
0 1
0 1
0 2
-1 0
0 1
1 0
1 0
0 -1
1 0
1 0
0 -1
1 0
0 -1
1 0
1 0
1 0
0 1
-1 0
-1 0
0 1
1 0
1 0
1 0
0 -1
1 0
1 0
1 0
1 -1
0 -1
0 -1
0 -1
0 -1
0 -1
-1 0
-1 0
0 1
-1 0
-1 0
-1 0
0 1
1 0
1 0
0 1
-1 0
1 1
1 0
0 -1
1 0
0 1
2 0
1 0
1 0
0 -1
0 -1
0 -1
-1 0
-1 0
0 1
1 0
2 0
0 -1
1 0
1 0
1 0
0 -1
1 0
1 0
1 0
1 0
0 -1
1 0
0 -1
1 0
1 0
0 -1
1 0
1 0
1 0
0 -1
1 0
0 -1
1 0
1 0
0 -1
1 0
1 0
1 0
0 -1
1 0
0 -1
1 0
1 0
1 0
0 -1
1 0
0 -1
1 0
0 -1
1 0
1 0
1 0
0 -1
1 0
1 0
0 -1
1 0
0 -1
1 0
1 0
0 -1
1 0
1 0
0 -1
1 0
0 -1
1 0
1 0
1 0
0 -1
1 0
1 0
1 0
0 -1
1 0
1 0
1 0
1 0
1 0
0 -1
1 0
1 0
0 1
-1 0
-1 1
-1 0
-1 0
-1 0
-1 0
0 1
1 0
1 0
0 1
-1 0
-1 0
1 1
1 0
1 0
-1 1
-1 0
-1 0
-1 0
0 1
1 0
1 0
-1 1
-1 0
-1 0
0 1
-1 0
-1 0
0 1
-1 0
0 1
-1 0
0 1
-1 0
-1 0
0 1
-1 0
-1 0
0 1
-1 0
-1 0
0 1
-1 0
0 1
-1 0
0 1
-1 0
-1 0
0 1
1 0
1 0
-1 1
-1 0
-1 0
-1 0
0 1
-1 0
0 1
-1 0
0 1
-1 0
0 1
-1 0
-1 0
0 1
-1 0
0 1
-1 0
0 1
-1 0
-1 0
0 1
-1 0
0 1
-1 0
-1 0
0 1
-1 0
0 1
-1 0
-1 0
0 1
-1 0
-1 0
0 1
1 0
1 0
1 -1
2 -1
1 -1
1 2
1 0
1 0
0 -1
1 0
0 -1
1 0
0 -1
1 0
0 -1
1 0
1 0
0 -1
1 0
0 -1
1 0
1 0
1 0
0 -1
1 0
0 -1
1 0
1 0
1 0
0 -1
1 0
0 -1
1 0
0 -1
1 0
1 0
0 -1
1 0
0 -1
1 0
0 -1
1 0
1 0
0 -1
1 0
0 -1
1 0
0 -1
1 0
1 0
0 -1
1 0
0 -1
1 0
0 -1
1 0
0 -1
1 0
1 0
0 -1
1 0
0 -1
1 0
0 -1
1 0
0 -1
1 0
0 -1
1 0
1 0
0 -1
0 -1
0 -1
0 -1
-1 0
-1 0
-1 0
0 1
1 0
1 0
2 0
0 -1
0 -1
1 0
1 0
0 -1
1 0
1 0
0 1
-1 0
0 1
-1 0
0 1
-1 0
0 1
-1 0
0 1
1 0
1 0
0 -1
1 0
0 -1
1 -1
1 0
0 -1
-2 4
-2 1
-1 0
-2 1
-1 1
-1 1
-1 1
-1 1
-1 1
-1 0
-1 1
-1 1
-1 1
-2 1
0 1
-1 0
-3 2
-1 1
-1 1
-1 1
-1 0
-1 1
-1 1
-2 2
-1 0
-1 0
0 1
-1 0
-1 0
-1 0
0 1
-1 0
0 1
-1 0
-1 0
-1 1
-1 1
0 1
-1 0
0 1
-1 0
-1 0
-1 0
-1 0
0 1
-1 0
0 1
-1 0
-1 0
0 1
-1 0
0 1
1 0
1 0
0 -1
1 0
1 -1
1 -1
1 1
1 0
0 -1
1 0
1 0
0 -1
1 0
0 -1
1 0
1 0
0 -1
0 -1
1 0
1 0
0 -1
1 0
0 -1
1 0
1 0
1 0
0 -1
1 0
1 0
0 1
0 1
-1 0
0 1
-1 0
-1 0
0 -1
-1 0
-1 1
-1 1
-1 0
0 1
-1 1
-1 0
0 1
-1 0
0 1
-1 0
-1 0
0 1
-1 0
-1 0
-1 0
0 1
-1 0
0 1
-1 0
-1 0
0 1
-1 0
0 1
-1 0
-1 0
0 -1
0 -1
-1 0
0 1
0 1
-1 0
-1 0
0 1
-1 0
0 1
-1 0
0 1
-1 0
0 1
-1 0
0 1
-1 0
-1 0
0 1
-1 0
0 1
-1 0
0 1
-1 0
0 1
-1 0
-1 0
-1 0
-1 0
-1 0
0 -1
0 -1
0 -1
-1 0
0 1
0 1
0 1
-1 0
-1 0
-1 0
-1 0
0 -1
-1 0
-1 0
-1 0
-1 0
-1 0
-1 0
0 -1
-1 0
-1 0
-1 0
-1 0
-1 0
-1 0
-1 0
-1 0
0 -1
-1 0
-1 0
-1 0
-1 0
-1 0
-1 0
0 -1
0 -1
-1 0
0 1
0 1
-1 0
-1 0
0 -1
-1 0
-1 0
-1 0
0 -1
0 -1
-1 0
0 -1
-1 0
-1 0
-1 0
-1 0
-1 0
-1 0
-1 0
-1 0
0 -1
0 -1
1 0
0 -1
1 0
1 0
1 0
1 0
1 0
1 0
1 0
1 0
1 0
1 0
1 0
1 0
1 0
1 0
1 0
1 0
1 0
1 0
1 0
1 0
3 -2
1 0
1 -1
2 -1
2 -1
1 -1
0 -1
0 -1
0 -1
2 1
1 0
1 0
0 -1
0 -1
-1 0
2 0
0 1
1 0
1 0
0 -1
1 0
1 0
1 -1
4 -2
1 0
1 0
1 0
0 -1
1 -2
1 0
1 0
1 -1
1 0
4 -2
1 0
1 -1
1 0
3 -2
1 0
1 -1
1 0
3 -2
1 0
2 -1
1 -1
1 0
0 -1
1 0
2 -1
2 -1
1 0
0 -1
2 -1
2 -1
1 0
0 -1
1 0
2 -1
0 7
-1 1
-1 1
-2 1
-2 1
-1 1
-1 0
0 1
-1 0
2 0
-7 4
-1 1
-1 1
-1 1
-2 1
0 1
-1 0
-3 2
2 8
0 1
-1 0
-1 0
-1 0
0 1
-1 0
0 1
-1 0
-1 0
0 1
-1 0
0 1
-1 0
-1 0
-1 0
0 1
-1 0
0 1
1 0
1 0
0 -1
1 0
1 0
0 1
-1 0
-1 1
-1 0
-1 0
-1 0
-1 0
-1 0
0 -1
1 -1
1 -1
0 4
-1 0
-1 0
0 1
-1 0
-1 0
0 -1
1 -1
2 2
1 0
1 0
0 -1
1 0
-2 2
-1 0
-1 0
-1 0
-1 0
-1 0
0 1
1 0
1 0
1 0
1 0
-2 1
-1 0
0 1
-1 0
-1 0
0 -1
-1 0
-1 0
0 -1
1 -1
1 -1
-1 4
-1 0
-1 0
0 -1
-1 1
-1 0
-1 0
-1 0
-1 0
-1 0
-1 0
2 -4
0 -1
1 0
0 -1
1 0
0 -1
1 0
0 -1
1 0
0 -1
1 0
1 0
0 -1
0 -1
1 0
0 -1
1 0
1 0
0 -1
1 0
1 0
0 -1
1 0
0 -1
1 0
1 0
0 -1
1 0
1 0
-3 2
-1 1
-2 1
-1 1
-1 0
0 1
-1 0
-2 2
0 1
-1 0
-2 2
4 6
1 0
1 0
1 0
1 0
1 0
0 -1
1 1
1 0
1 0
1 0
0 -1
0 -1
1 0
1 0
0 -1
1 0
0 -1
1 0
0 -1
1 0
0 -1
1 0
0 -1
1 0
0 -1
1 0
0 -1
1 0
0 -1
1 0
1 0
0 -1
0 -1
0 -1
-1 0
-1 0
0 1
-1 0
-1 1
-1 0
-1 1
-3 -3
8 1
2 0
0 -1
1 0
0 -1
1 0
0 -1
0 -1
1 0
1 0
0 -1
1 0
0 -1
0 -1
1 0
1 0
0 -1
1 0
1 0
-3 2
0 1
0 2
-1 0
-1 0
-1 0
0 1
1 0
1 0
1 0
1 0
0 -1
-1 2
-1 0
-1 0
-3 1
-1 1
-2 2
0 1
-1 0
0 1
-1 0
-1 1
-1 1
-1 1
-1 1
-1 1
-1 1
-1 0
0 1
0 1
-1 0
2 0
1 0
1 0
1 0
1 0
1 0
1 0
1 0
1 0
1 0
0 1
-1 0
-1 0
-1 0
-1 0
4 1
1 0
0 -1
1 0
1 0
1 0
1 0
0 1
-1 0
-1 0
-1 0
4 0
1 0
1 0
1 0
1 0
0 1
1 0
1 0
1 0
1 0
1 0
1 0
1 0
1 0
1 0
0 1
-1 0
-1 0
-1 0
-1 0
5 0
1 0
1 0
1 0
1 0
0 1
-1 0
-1 0
-1 0
-1 0
5 0
1 0
1 0
1 0
0 1
1 0
1 0
1 0
1 0
1 0
0 -1
1 0
0 -1
1 0
0 -1
1 0
1 0
0 -1
1 0
0 -1
1 0
1 0
0 -1
1 0
0 -1
1 0
0 -1
1 0
0 -1
1 0
1 0
0 -1
1 0
0 -1
1 0
1 0
0 -1
1 0
0 -1
1 0
1 0
0 -1
1 0
1 0
0 -1
1 0
0 -1
1 0
0 -1
1 0
0 -1
1 0
1 0
0 -1
1 0
0 -1
1 0
1 0
0 -1
1 0
0 -1
1 0
0 -1
1 0
1 0
0 -1
1 0
0 -1
1 0
0 -1
1 0
1 0
0 -1
1 0
0 -1
1 0
1 0
0 -1
1 0
0 -1
1 0
0 -1
1 0
1 0
1 0
1 0
1 0
0 -1
1 0
0 1
1 0
0 1
-1 0
-1 0
-1 0
0 1
-1 0
-1 0
0 1
-1 0
-1 0
0 -1
1 -1
-2 2
0 1
1 0
1 0
-2 1
-1 0
-1 0
0 -1
-1 1
0 1
1 0
1 0
-1 1
-1 0
-1 0
-1 0
0 -1
-1 1
0 1
-1 0
0 1
-1 0
-1 0
-1 1
0 1
-1 0
0 1
1 0
1 0
0 -1
1 0
0 -1
1 0
1 0
0 -1
1 0
0 -1
1 0
2 0
0 1
0 1
1 0
0 1
-1 0
0 1
1 0
0 1
-1 0
0 1
-1 0
-1 0
0 -1
-1 0
0 -1
-1 0
0 -1
1 3
-2 1
-1 0
0 -1
-1 0
0 -1
-1 0
-1 0
-1 0
-1 0
0 -1
-1 1
0 1
-1 0
-1 0
0 1
-1 0
0 1
-1 0
0 1
-1 0
0 1
-1 0
-1 0
0 1
-1 0
-1 0
0 1
-1 0
0 1
1 0
1 0
0 -1
1 0
1 0
0 -1
1 0
1 0
0 -1
1 -1
1 -1
1 0
0 -1
1 0
1 0
0 -1
1 0
1 0
0 1
-1 0
0 1
1 0
0 1
1 0
0 1
-1 0
-1 1
-1 0
0 -1
-1 0
0 -1
-1 0
0 1
1 1
-1 1
-1 0
-1 0
0 -1
-1 1
1 1
1 0
1 0
1 0
1 0
0 -1
1 0
1 0
1 0
0 1
-1 0
0 1
-1 0
-1 0
3 0
2 1
1 0
1 0
1 0
1 0
1 0
1 0
0 1
-1 0
-1 0
-1 0
-1 0
-1 0
-1 0
0 1
1 0
1 0
1 0
0 1
-1 0
-1 0
-1 0
3 1
1 0
0 -1
1 0
1 0
0 -1
1 0
0 -1
1 1
-1 1
-2 1
3 1
1 0
0 -1
1 0
0 -1
1 0
0 -1
0 -1
1 0
0 -1
1 0
0 -1
1 0
0 -1
0 -1
1 0
1 0
1 0
1 0
1 0
1 0
1 0
1 0
1 0
1 0
1 0
1 0
1 0
1 0
0 1
-1 0
-1 0
-1 0
-1 0
-1 0
-1 0
-1 0
-1 0
-1 0
-1 0
-1 0
-1 0
-1 0
1 -3
0 -1
1 0
0 -1
0 -1
1 0
0 -1
1 0
0 -1
1 0
0 -1
0 -1
1 0
0 -1
1 0
0 -1
0 -1
1 0
0 -1
1 0
0 -1
0 -1
1 0
0 -1
1 0
0 -1
0 -1
-1 0
-1 0
-1 0
-1 0
0 -1
-1 0
-1 0
-1 0
-1 0
-1 0
0 1
1 0
1 0
1 0
1 0
4 4
1 -1
1 -1
0 -1
0 -1
-3 6
-1 1
0 1
-2 2
0 1
-2 2
0 1
-1 0
0 1
-1 1
-4 6
-1 1
0 1
-1 1
-1 1
-1 1
-1 0
0 1
-1 0
-1 0
0 1
-1 0
-1 0
-1 0
-1 0
0 -1
-1 0
-1 0
-1 0
-1 0
-1 0
-1 0
-1 0
0 -1
-1 0
-1 0
-1 0
-1 0
-1 0
-1 0
-1 0
0 -1
-1 0
-1 0
-1 0
-1 0
-1 0
0 1
1 0
1 0
1 0
1 0
1 1
1 0
1 0
1 0
1 0
1 0
1 0
0 1
-1 0
-1 0
0 1
-1 0
-1 0
0 -1
-1 0
-1 0
-1 0
-1 0
-1 0
-1 0
0 -1
-1 0
0 1
0 1
-1 0
-1 0
0 -1
0 -1
0 -1
0 -1
-1 0
-1 0
-1 0
0 -1
0 -1
0 -1
0 -1
1 0
0 -1
1 1
1 0
0 -1
0 -1
1 0
0 -1
1 1
1 0
1 0
2 -1
-4 2
-1 0
0 1
-2 1
-1 0
0 1
-2 0
0 -1
-1 1
0 1
-1 0
-1 0
0 1
1 0
1 0
1 0
0 -1
0 2
-1 0
-1 0
-1 0
-1 0
-1 0
-1 0
0 1
-1 0
0 1
-1 0
0 1
1 0
1 0
0 -1
1 0
0 -1
1 0
1 0
0 1
1 0
1 0
0 -1
1 0
1 0
0 -1
1 1
1 0
0 -1
0 2
-1 0
-1 0
-1 0
0 1
-1 0
-1 0
-1 0
0 1
1 0
1 0
1 0
0 1
-1 0
-1 0
-1 0
4 0
1 0
1 0
0 -1
0 -1
-1 0
-1 0
3 1
1 0
1 0
1 0
1 0
1 0
0 -1
1 0
1 0
1 0
0 1
-1 0
0 1
-1 0
0 1
-1 0
-1 0
-1 0
-1 0
0 -1
-1 0
-1 0
0 1
-1 0
2 0
6 0
1 0
0 -1
1 0
0 -1
1 0
1 0
1 0
0 -1
1 0
1 0
0 -1
1 0
1 0
1 0
0 1
-1 0
-1 0
0 1
-1 0
-1 0
0 1
-1 0
-1 0
-1 0
-1 1
0 1
1 0
1 0
0 -1
1 0
1 0
1 0
0 -1
1 0
1 0
1 0
0 -1
1 0
0 -1
1 0
0 1
1 0
1 -1
1 0
1 0
1 0
1 0
1 0
0 -1
0 2
-1 0
0 1
-1 0
0 1
1 0
-1 1
-1 0
-1 0
0 1
1 0
1 0
-1 1
-1 0
0 1
-1 0
-1 0
0 1
-1 0
-1 0
0 -1
-1 0
-1 0
-1 0
0 -1
0 -1
0 -1
0 -1
2 0
1 0
0 -1
1 0
0 1
1 -4
-6 6
-1 0
0 1
1 0
0 1
-1 0
-1 0
0 1
-1 0
0 1
-1 0
0 1
-1 0
0 1
-1 0
0 1
-1 0
-1 0
-1 0
-1 0
0 -1
-1 0
-1 0
-1 0
-1 0
-1 0
0 1
-1 0
-1 0
-1 0
-1 0
0 1
-1 0
-1 0
0 1
1 0
-1 1
0 1
1 0
1 0
1 0
0 -1
0 -1
1 0
1 0
1 0
1 0
1 0
1 0
1 0
1 0
1 0
1 0
1 0
0 1
-1 0
-1 0
-1 0
-1 0
-1 0
-1 0
-1 0
-1 0
-1 0
-1 0
0 1
1 0
1 0
0 1
-1 0
-1 0
-2 0
-1 0
-1 0
2 3
1 0
1 0
0 -1
1 0
1 0
0 -1
1 0
0 -1
1 1
0 1
1 0
1 0
1 0
0 1
-1 0
-1 0
2 1
1 0
1 0
1 0
0 1
-1 0
-1 0
1 1
1 0
1 0
0 -1
1 1
0 1
-1 0
2 0
1 0
0 1
-1 0
0 1
1 0
1 0
0 -1
1 1
0 1
1 0
1 0
0 1
-1 0
1 1
1 0
0 -1
1 1
1 0
0 1
-1 0
2 0
1 0
0 1
-1 0
1 1
1 0
0 -1
1 0
0 1
1 0
1 0
1 1
1 0
1 0
1 0
1 0
1 0
1 0
1 0
1 0
0 -1
0 -1
0 -1
-1 0
0 -1
0 -1
-1 0
0 -1
-1 0
0 -1
-1 0
0 -1
0 -1
0 -1
0 -1
-1 0
0 -1
-1 0
0 -1
-1 0
0 -1
0 -1
0 -1
-1 0
0 -1
-1 0
-1 0
-1 0
-1 0
-1 0
-1 0
-1 0
0 -1
-1 0
-1 0
-1 0
-1 0
-1 0
-1 0
-1 0
-1 0
-1 0
-1 0
0 -2
1 -1
1 -1
1 -1
1 0
0 -1
1 1
1 0
1 0
0 1
-1 0
-1 0
0 1
-1 0
-1 0
3 0
1 0
1 0
0 -1
1 1
1 0
1 0
1 0
2 -2
0 -1
-1 0
0 -1
-1 1
-1 0
-2 -1
-1 0
-1 0
-1 0
-2 -4
4 9
1 0
6 -2
0 -1
1 0
1 0
0 1
-1 0
1 1
1 0
0 -1
1 1
1 0
0 -1
0 -1
0 -1
0 -1
1 0
0 -1
1 0
0 -1
1 0
0 -1
1 0
0 -1
1 0
0 -1
1 0
0 -1
1 0
0 -1
1 0
0 -1
0 -1
1 0
1 0
0 -1
1 0
0 -1
0 -1
1 0
1 0
0 -1
0 -1
1 0
0 -1
1 0
1 0
0 -1
0 -1
1 0
0 -1
1 0
1 0
-1 1
0 1
-1 0
-2 2
0 1
-1 0
-2 2
0 1
-2 2
-1 0
0 1
-2 2
-1 1
-1 1
-1 1
-1 1
-1 1
-1 1
0 1
1 0
1 0
1 0
0 1
-1 0
-1 0
-1 0
0 1
1 0
1 0
1 0
0 1
-1 0
-1 0
0 2
1 0
0 1
1 0
1 0
0 -1
0 -1
0 -1
1 0
0 1
0 1
0 1
0 1
-1 0
-1 0
-1 0
-6 1
0 1
-1 -2
-1 0
4 5
0 1
1 0
0 1
2 4
0 1
1 0
0 1
1 1
2 1
0 1
-1 1
-1 0
-1 0
-1 0
-1 0
-30 -14
-1 0
-3 1
-1 0
-1 0
-1 0
-1 0
-1 0
-1 0
-1 0
-1 0
-1 0
-1 0
-1 0
-1 0
-1 0
-1 0
-1 0
-1 0
-1 0
-1 0
-1 0
-1 0
-1 0
0 1
-1 0
-1 0
-1 0
-1 0
-1 0
-1 0
-1 0
-1 0
-1 0
-1 0
0 -1
0 -1
1 0
0 -1
1 0
1 0
1 0
0 -1
1 0
0 -1
1 0
1 0
0 -1
1 0
0 -1
1 0
1 0
0 -1
0 -1
1 0
1 0
0 -1
1 0
0 -1
1 0
0 -1
1 0
0 -1
0 -1
-1 0
0 -1
-1 0
-1 0
-1 0
-1 0
-1 0
-1 0
-1 0
-1 0
-1 0
-1 0
0 -1
-1 0
0 -1
-1 0
-1 0
-1 0
-1 0
-1 0
-1 0
-1 0
-1 0
-1 0
-1 0
0 -1
-1 0
-1 0
-1 0
-1 0
-1 0
-1 0
-1 0
-1 0
-1 0
-1 -1
-1 0
-1 0
-1 0
-1 0
0 -1
-1 0
-1 0
0 1
-1 0
-1 0
0 -1
-1 0
0 -1
-1 0
0 1
-1 0
-1 0
-1 0
0 -1
-1 1
-1 0
-1 0
0 -1
-1 0
-1 0
-1 0
0 -1
-1 0
-1 0
-1 0
-1 0
-1 0
-1 0
0 -1
-1 0
-1 0
-1 0
-1 0
-1 0
-1 0
-1 0
-1 0
-1 0
-1 0
-1 -1
-1 0
-1 0
-1 0
-1 0
-1 0
0 -1
-1 0
-1 0
-1 0
-1 0
-1 0
0 -1
-1 0
-1 0
-1 0
-1 0
-1 0
-1 0
-1 0
-1 0
-1 0
-1 0
0 -1
-1 0
-1 0
-1 0
-1 0
-1 0
-1 0
0 -1
-1 0
-1 0
-1 0
-1 0
-1 0
0 -1
-1 0
0 1
-1 0
-1 0
0 -1
-1 0
-1 0
-1 0
0 -1
-1 0
-1 0
0 -1
0 -1
0 -1
1 0
1 0
1 0
1 0
1 0
0 1
1 0
0 1
-1 0
-1 3
-1 0
0 2
-1 0
-1 0
-1 0
-1 0
-1 0
-1 0
-1 0
-1 0
-1 0
0 -1
-1 0
-1 0
2 2
1 0
1 0
0 1
-1 0
-1 0
-1 1
-1 0
-1 0
0 1
-1 0
-1 0
-1 0
-1 0
1 1
1 0
1 0
2 -1
1 0
1 0
1 0
1 0
1 0
1 0
1 0
0 1
-1 0
-1 0
-1 0
-1 0
-1 0
-1 0
0 4
1 0
1 0
1 0
0 -1
1 0
1 0
1 0
1 0
1 0
1 0
1 0
1 0
0 1
-1 0
-1 0
-1 0
-1 0
-1 0
-1 0
-1 0
-1 1
-1 0
-1 0
-1 0
-1 0
0 1
1 0
0 1
-1 0
1 1
1 0
0 -1
3 0
0 -1
1 0
1 0
0 -1
1 0
0 1
1 0
1 0
1 0
1 0
1 0
0 -1
0 -1
1 0
1 0
1 0
0 1
-1 0
-1 0
0 1
1 0
1 0
1 0
0 -1
1 0
1 0
1 0
1 1
1 0
1 0
1 0
1 0
1 0
1 0
0 1
-1 0
-1 0
0 1
-1 0
-1 0
-1 0
-1 0
0 -1
-1 0
-1 0
-1 0
0 -1
-1 1
-1 0
-1 0
-1 0
-1 3
0 1
-1 0
0 1
-1 0
0 1
1 0
1 0
0 -1
1 0
1 0
-2 2
-1 0
1 1
1 0
1 0
1 0
0 1
-1 0
-1 0
1 1
1 0
1 0
0 -1
1 1
0 1
-1 0
2 0
1 0
0 1
-1 0
2 0
0 1
1 0
1 0
1 0
0 1
-1 0
-1 0
-1 1
-1 0
-1 0
-1 0
-1 0
0 -1
-1 0
0 1
-1 0
-1 0
-1 0
-1 0
-1 0
-1 0
-1 0
-1 0
0 1
-1 0
0 1
1 0
1 -1
0 2
1 0
0 1
-1 0
-1 0
-1 0
0 -1
0 2
0 1
0 1
1 0
1 0
1 0
1 0
1 0
1 0
1 0
1 0
1 0
1 0
1 0
1 0
1 0
0 1
-1 0
-1 0
-1 0
-1 0
-1 0
-1 0
-1 0
-1 0
-2 0
-2 0
8 1
4 0
1 0
0 -1
1 0
1 0
1 0
1 0
1 0
0 -1
0 -1
0 -1
0 -1
0 -1
0 -1
-1 0
0 -1
-1 0
0 -1
-1 0
0 1
-1 0
-1 0
-1 0
0 1
-1 0
-1 0
-1 0
-1 0
0 1
1 0
1 0
1 0
1 0
1 0
0 -1
1 0
1 0
1 0
1 1
0 1
-1 0
-1 0
-1 0
0 -1
3 2
2 0
0 -1
0 -1
0 -1
1 0
0 -1
1 0
1 0
0 1
-1 0
0 1
-1 0
0 1
1 0
1 0
0 -1
0 2
-1 0
-1 0
-1 1
0 1
0 1
0 1
-1 0
-1 0
-1 0
-1 0
-1 0
3 1
1 0
0 1
-1 0
0 1
1 0
1 0
1 0
0 -1
1 0
0 -1
1 0
1 0
1 0
0 -1
0 -1
0 -1
-1 0
0 -1
-1 0
-1 0
2 2
2 0
1 0
0 1
-1 0
1 1
1 0
0 -1
1 1
1 0
0 1
-1 0
1 1
1 0
0 -1
1 1
1 0
0 1
-1 0
0 1
1 0
1 0
0 -1
0 2
1 0
1 0
1 0
0 1
-1 0
-1 0
-1 0
-1 0
-1 0
-1 0
0 -1
-1 0
-1 0
-1 0
-1 0
-1 0
-1 0
-1 0
-1 0
-1 0
-1 0
0 1
-1 0
0 1
1 0
1 -1
1 0
1 0
1 0
1 0
1 0
1 0
1 0
1 0
1 1
1 0
1 0
1 0
0 1
-1 0
-1 0
-1 0
-1 0
-1 0
-1 0
3 1
1 0
1 0
1 0
1 0
0 -1
1 0
0 -1
1 0
0 1
1 0
1 0
1 0
1 0
1 0
0 1
0 1
-1 0
-1 1
-1 0
0 -1
-1 0
-1 0
-1 0
0 -1
-1 1
-1 0
-1 0
0 4
-1 0
-1 0
-1 0
-1 0
-1 0
-1 0
-1 0
-1 0
0 -1
-1 0
-1 0
-1 0
-1 0
0 -1
-1 0
0 -1
0 -1
0 -1
0 -1
-1 0
0 1
0 1
0 1
0 1
1 1
0 1
3 0
1 0
10 0
1 0
1 0
1 0
1 0
0 -1
1 0
0 -1
1 0
0 1
-1 1
0 1
-1 0
0 1
1 0
0 1
-1 0
0 1
1 0
1 0
0 -1
1 0
1 0
1 0
1 0
1 0
0 -1
1 -2
0 -1
-1 0
0 -1
0 -1
-1 0
-1 0
-1 0
1 1
1 0
0 1
3 1
1 0
0 1
-1 0
1 1
1 0
0 -1
1 0
0 1
1 0
0 1
-1 0
1 1
1 0
0 -1
1 0
0 1
1 0
0 1
-1 0
1 1
1 0
0 -1
1 0
0 1
1 0
0 1
-1 0
-1 0
2 1
1 0
1 0
0 1
-1 0
1 1
1 0
0 -1
1 1
1 0
0 1
-1 0
1 1
1 0
0 -1
1 0
1 0
0 -1
0 -1
0 -1
-1 0
-1 0
0 -1
-1 0
0 -1
-1 0
0 -1
-1 0
-1 0
0 -1
0 -1
-1 0
-1 0
0 -1
-1 0
0 -1
-1 0
0 -1
-1 0
-1 0
0 -1
-1 0
0 -1
-1 0
0 -1
-1 0
-1 0
0 -1
-1 0
0 -1
0 -1
-1 0
-1 0
0 -1
-1 0
0 -1
-1 0
0 -1
-1 0
-1 0
0 -1
0 -1
-1 0
0 -1
-1 0
-1 0
0 -1
-1 0
0 -1
-1 0
-1 0
0 -1
-1 0
0 -1
-1 0
0 -1
-1 0
0 -1
-1 0
-1 0
0 -1
0 -1
-1 0
-1 0
0 -1
-1 0
0 -1
-1 0
0 -1
-1 0
-1 0
0 -1
0 -1
-1 0
0 -1
-1 0
0 -1
-1 0
0 -1
-1 0
-1 0
0 -1
0 -1
0 -1
-1 0
-1 0
0 -1
0 -1
-1 0
0 -1
-1 0
0 -1
-1 0
0 -1
0 2
1 1
1 1
1 2
1 0
0 1
2 2
1 1
1 1
1 1
2 2
0 1
1 0
2 2
1 0
0 1
2 1
1 1
1 1
1 1
2 1
1 1
2 1
1 1
2 2
1 1
2 2
1 0
0 1
3 2
1 1
1 1
1 1
1 0
1 1
3 2
2 2
0 1
1 0
3 2
2 0
0 1
0 1
1 0
1 0
1 0
1 0
1 0
1 0
0 -1
0 -1
0 -1
-1 0
0 -1
0 -1
-1 0
0 -1
-1 0
-1 0
0 -1
0 -1
0 -1
0 -1
-1 0
0 -1
0 -1
0 -1
-1 0
0 -1
0 -1
0 -1
0 -1
0 -1
0 -1
0 -1
-1 0
-1 0
0 -1
-1 0
0 -1
-1 1
-1 0
0 -1
0 -1
-1 0
-1 0
0 -1
0 -1
0 -1
-1 0
0 -1
-1 0
0 -1
-1 0
0 -1
0 -1
0 -1
0 -1
0 -1
-1 0
0 -1
0 -1
0 -1
-1 0
0 -1
-2 1
-1 0
0 -1
-1 0
0 -1
-1 0
0 -1
0 -1
0 -1
-1 0
-1 0
0 -1
0 -1
0 -1
0 -1
-1 0
-1 0
-1 0
-1 0
-1 0
-1 0
-1 0
-1 0
-1 0
-1 0
-1 0
-1 0
-1 0
-1 0
-1 0
-1 0
-1 0
-1 0
-1 -1
-1 0
-1 0
0 -1
-1 0
-1 0
-1 0
0 -1
-1 0
-1 0
-1 0
-1 0
-1 0
3 1
1 0
2 1
1 0
6 2
1 0
1 0
1 0
1 0
1 0
1 0
1 0
0 1
-1 0
-1 0
3 0
0 1
1 0
1 0
1 0
0 1
-1 0
2 0
1 0
0 1
-1 0
-1 1
0 1
1 0
0 1
0 1
1 0
0 1
-1 0
1 1
1 0
0 -1
1 1
0 1
-1 0
1 1
1 0
0 -1
1 1
0 1
-1 0
1 1
1 0
0 1
1 0
0 1
-1 0
1 1
1 0
0 -1
1 1
0 1
-1 0
1 1
1 0
0 -1
1 1
0 1
-1 0
2 0
0 1
1 0
0 1
-1 0
0 1
1 0
1 0
0 1
-1 0
1 1
1 0
0 -1
0 2
1 0
0 1
1 0
0 1
1 0
0 1
-1 0
1 1
1 0
0 1
-1 0
1 1
1 0
0 -1
1 -1
1 0
0 1
-1 1
0 1
-1 0
1 1
1 0
0 -1
1 0
0 -1
2 0
0 -1
0 -1
0 -1
0 -1
-1 0
0 -1
-2 0
-1 0
-1 0
0 -1
0 -1
0 -1
-1 0
-1 0
0 1
1 0
0 1
1 2
1 0
1 0
2 1
2 0
0 3
0 1
1 0
1 0
0 1
-1 0
-1 0
1 1
1 0
0 1
1 0
1 0
0 1
-1 0
1 1
1 0
1 0
0 1
-1 0
0 1
1 0
1 0
0 1
-1 0
1 1
1 0
0 -1
1 1
0 1
-1 0
1 1
1 0
0 -1
0 2
-1 0
0 1
1 0
1 0
0 -1
1 0
0 -1
1 0
1 0
1 0
1 0
0 1
-1 0
-1 0
-1 0
0 1
-1 0
1 1
1 0
0 -1
1 0
1 0
-3 2
0 1
0 1
-1 0
-1 0
-1 0
0 -1
-1 0
-1 0
0 -2
-1 0
-1 0
-1 0
-1 0
-1 0
-1 0
0 -1
-1 0
-1 0
-1 0
0 -1
-1 0
-1 0
-1 0
-1 0
0 1
-1 0
2 0
1 0
1 0
2 -6
0 -1
1 1
3 1
0 1
0 1
0 1
5 3
2 4
1 0
1 0
-1 1
-14 -15
0 -1
0 -1
-1 0
0 -1
-1 1
-1 0
2 1
0 1
-1 -12
-5 -2
0 -1
-2 -2
0 -1
-1 -1
-1 -1
-1 -1
0 -1
0 -1
-1 0
0 -1
-1 0
0 -1
0 -1
-1 0
0 -1
0 -1
-1 0
-1 -1
-1 -1
-1 -1
0 -1
0 -1
-1 0
-1 0
0 -1
0 -1
0 -1
0 -1
-1 0
-1 0
-1 0
-1 0
-1 0
-1 0
5 4
1 1
1 0
0 1
3 -2
0 -1
0 -1
0 -1
0 -1
-1 0
-1 0
0 1
1 0
2 0
0 -1
1 0
0 1
1 0
1 0
1 0
1 0
1 0
0 1
1 0
1 0
-2 1
-1 0
-1 0
-1 0
-1 0
0 -1
-1 0
-1 0
0 1
1 0
-1 1
2 0
1 0
1 0
1 0
1 0
1 0
0 4
-1 0
-1 0
0 1
1 0
1 0
1 0
0 -1
-2 4
0 1
0 1
-2 -2
-1 -1
0 -1
-2 2
0 1
1 1
1 1
-16 15
3 7
1 0
-17 -17
-1 0
-1 0
-3 2
-1 0
-1 0
-5 -27
-1 0
0 -8
-1 0
0 -1
-1 0
0 -1
0 -1
0 -1
-1 0
0 1
-1 0
-1 0
0 -1
0 -1
0 -1
1 0
1 0
1 0
1 0
1 0
1 0
-2 2
0 1
1 0
1 0
1 0
1 0
1 0
1 0
1 0
1 0
0 -1
1 0
0 1
0 1
-1 0
-1 0
-1 0
-1 0
-1 0
1 1
1 0
-1 1
-1 0
-1 0
-1 0
-3 0
-1 0
-1 0
0 -1
0 -1
-1 0
-1 0
0 -1
0 -1
0 -1
-1 0
0 1
-1 0
-1 0
0 1
-1 0
0 1
1 0
1 0
0 -1
1 0
0 1
0 1
-1 0
-1 0
-1 0
0 1
-1 0
2 0
3 -1
1 0
0 1
2 -2
7 3
1 0
1 0
0 -1
1 0
0 -1
1 0
0 1
-1 1
5 -5
1 0
1 0
1 0
1 0
1 0
1 1
1 0
1 0
1 0
1 0
4 -9
1 0
1 0
1 0
1 0
1 0
1 0
-8 -1
-1 0
-3 -3
0 -2
0 -1
0 -1
1 0
0 1
1 0
-3 0
-1 0
0 -1
-1 0
0 1
-1 0
-1 0
-1 0
3 1
1 0
1 0
-7 2
-1 0
0 -1
-1 0
-1 0
-1 0
-1 0
-1 0
-1 0
0 1
-1 0
1 1
1 0
0 -1
1 0
1 0
1 0
1 0
0 1
-1 0
-1 0
-1 0
4 0
1 0
-22 4
0 3
-1 0
-1 0
-1 0
-1 0
0 -1
-1 0
-1 0
-1 0
-1 0
0 -1
-1 0
-1 0
-1 0
-1 0
0 1
-1 0
2 0
1 0
1 0
6 2
1 0
0 15
-1 0
-1 0
1 1
1 0
1 0
1 0
0 1
-1 0
0 1
1 0
1 0
0 -1
-18 -12
59 1
1 0
1 0
1 0
1 0
1 0
1 0
2 1
1 0
1 0
1 0
1 0
0 3
-1 0
0 1
1 0
1 0
0 -1
1 0
1 0
1 0
0 1
-1 0
-1 0
2 1
1 0
0 -1
1 0
0 -1
0 -1
-1 0
2 1
0 1
1 0
1 0
1 0
0 -1
1 0
1 0
1 0
1 0
1 -1
-2 2
-1 0
-1 0
-1 1
-1 0
-1 0
-1 0
-1 0
3 -3
2 4
1 0
1 0
0 -1
1 0
1 0
0 1
1 0
1 0
1 0
1 0
1 0
1 0
1 0
1 0
0 1
-1 0
-1 0
-1 0
-1 0
5 0
1 0
1 0
1 0
0 1
-1 0
-1 0
-1 0
4 0
0 1
1 0
1 0
0 -1
1 0
1 0
1 0
0 -1
0 -1
0 -1
-1 0
-1 0
-1 0
-1 -1
-1 0
-1 0
-1 0
-1 0
7 5
1 0
1 0
0 -1
0 -1
0 -1
0 -1
1 0
1 0
1 0
1 0
1 0
1 2
1 0
1 0
1 0
-1 1
-1 0
-1 0
-1 0
-1 0
0 1
-1 0
-1 0
-1 0
0 -1
5 1
0 1
0 1
3 6
1 0
1 -1
1 -1
2 -1
0 -1
1 0
2 -2
1 -1
1 -1
0 -1
0 -1
1 0
0 -1
1 0
1 0
0 -1
0 -1
1 0
0 -1
1 0
0 -1
0 -1
1 0
1 0
0 -1
1 0
1 0
-2 2
-1 0
0 1
-1 1
-1 1
0 1
-1 1
-1 0
-1 1
-4 -1
-1 0
-1 0
-1 0
-1 0
-3 -4
-1 0
0 -1
-1 0
0 -1
-1 0
-1 0
-1 0
-1 0
-1 0
-1 0
0 1
1 0
1 0
1 0
1 0
1 0
1 1
1 15
-2 1
-1 0
0 3
-1 0
-1 0
-1 0
0 -1
0 -1
-1 0
-1 0
-1 0
0 1
1 0
1 0
5 1
1 0
1 0
1 0
1 0
1 0
1 0
2 -1
1 0
1 0
1 0
1 0
1 0
1 0
1 0
1 0
1 0
1 0
1 0
14 -10
1 0
1 0
1 0
17 -23
0 -1
0 -1
-1 0
-1 0
0 -1
1 -2
1 0
1 0
0 1
-1 0
2 0
1 0
0 1
-1 0
2 0
0 1
1 0
1 0
0 1
-2 0
-1 0
-1 0
-1 0
0 1
1 0
1 0
1 0
-5 -1
7 -6
7 -12
-78 15
-1 0
-1 0
0 1
-1 0
2 0
1 0
-25 -23
-6 9
-1 0
-2 1
-1 0
-1 0
0 1
