67 117
1 0
1 0
0 -1
1 0
1 0
0 -1
1 0
1 0
0 -1
1 0
0 1
1 0
1 0
0 -1
0 -1
-1 0
2 0
0 -1
1 0
1 0
1 0
0 -1
1 0
0 -1
1 0
1 0
1 0
0 -1
1 0
0 -1
1 0
1 0
1 0
0 -1
1 0
1 0
0 -1
1 0
1 0
0 -1
1 0
1 0
0 -1
1 0
0 1
1 0
1 0
0 -1
0 -1
-1 0
2 0
0 -1
1 0
1 0
1 0
0 -1
1 0
0 -1
1 0
1 0
0 -1
1 0
0 1
1 0
1 -1
0 -1
-1 0
2 0
0 -1
1 0
0 1
1 0
1 0
0 -1
0 -1
1 0
0 -1
1 0
1 0
1 0
0 -1
1 0
0 -1
1 0
1 0
1 0
0 -1
1 0
0 1
1 0
1 -1
0 -1
-1 0
2 0
0 -1
1 0
1 0
0 -1
1 0
0 1
1 0
1 -1
0 -1
-1 0
2 0
0 -1
1 0
0 1
1 0
1 0
0 -1
0 -1
1 0
0 -1
1 0
1 0
1 0
0 -1
1 0
0 -1
1 0
1 0
1 0
0 -1
1 -1
0 -1
0 -1
0 -1
0 -1
0 -1
1 0
0 -1
0 -1
0 -1
0 -1
0 -1
1 0
0 1
0 1
0 1
0 1
0 1
-1 3
0 1
0 1
0 1
-1 1
-1 1
-1 0
-2 1
-1 1
-1 0
-1 0
-1 1
-4 2
-4 2
-1 0
-1 1
-4 2
-1 0
-2 1
-1 1
-1 0
-1 0
-1 1
-4 2
-3 2
-1 0
-1 0
-1 1
-1 1
-1 0
-1 0
-1 1
-4 2
-1 0
-1 1
-1 0
-1 1
-1 0
-1 1
-1 0
-1 1
-1 0
-1 1
-1 0
-1 0
-1 1
-1 1
-1 0
-1 0
-1 1
-4 2
-1 0
-1 1
-1 0
-1 1
-1 0
-1 0
-1 0
1 1
1 0
0 1
-1 0
1 1
1 0
0 -1
1 0
1 1
1 0
0 1
-1 0
-1 0
2 1
1 0
0 -1
1 0
1 1
1 0
0 1
-1 0
-1 0
2 1
1 0
0 -1
1 0
1 1
1 0
0 1
-1 0
-1 0
2 1
1 0
0 -1
1 0
1 1
1 0
0 1
-1 0
-1 0
2 1
1 0
0 -1
1 0
1 1
1 0
0 1
-1 0
-1 0
2 1
1 0
0 -1
1 0
0 1
1 0
1 0
0 1
-1 0
-1 0
2 1
1 0
0 -1
1 0
0 1
1 0
1 0
0 1
-1 0
-1 0
2 1
1 0
0 -1
1 0
0 1
1 0
1 0
0 1
-1 0
-1 0
2 1
1 0
0 -1
1 0
0 1
1 0
1 0
0 1
-1 0
-1 0
2 1
1 0
0 -1
1 0
0 1
1 0
1 0
0 1
-1 0
-1 0
2 1
1 0
0 -1
1 1
1 0
1 0
0 1
-1 0
-1 0
-1 0
3 1
1 0
0 -1
1 1
1 0
1 0
0 1
-1 0
-1 0
-1 0
3 1
1 0
0 -1
1 1
1 0
1 0
0 1
-1 0
-1 0
-1 0
3 1
1 0
0 -1
1 1
1 0
0 1
-1 0
-1 0
3 0
1 0
0 1
-1 0
1 1
1 0
1 0
0 -1
1 0
0 1
1 0
0 1
-1 0
1 1
1 0
0 -1
1 0
1 0
0 1
-1 0
1 1
1 0
0 -1
1 1
1 0
1 0
0 1
-1 0
-1 0
-1 0
3 1
1 0
0 -1
1 1
1 0
1 0
0 1
-1 0
-1 0
-1 0
3 1
1 0
0 -1
0 2
-1 0
0 1
1 0
0 1
-1 0
2 1
0 1
0 1
-1 0
0 1
1 0
0 1
-1 0
0 1
1 0
-1 1
0 1
0 1
1 0
1 0
0 1
-1 0
0 1
1 0
0 1
-1 0
0 1
1 0
0 1
-1 0
0 1
1 0
1 0
0 1
0 1
0 1
-1 0
0 1
1 0
0 1
-1 0
0 1
1 0
-1 1
0 1
0 1
1 0
1 0
0 1
-1 0
0 1
1 0
0 1
-1 0
0 1
1 0
0 1
-1 0
0 1
1 0
1 0
0 1
0 1
0 1
-1 0
0 1
1 0
0 1
-1 0
0 1
0 1
0 1
0 1
1 0
1 0
0 1
-1 0
0 1
1 0
0 1
-1 0
0 1
1 0
0 1
-1 0
1 1
1 0
0 1
0 1
0 1
-1 0
0 1
1 0
0 1
-1 0
0 1
0 1
0 1
1 1
1 0
0 1
-1 0
0 1
1 0
0 1
-1 0
0 1
1 0
0 1
-1 0
2 1
0 1
0 1
0 1
-1 0
0 1
1 0
0 1
-1 0
0 1
0 1
0 1
1 1
1 0
0 1
-1 0
0 1
1 0
0 1
-1 0
0 1
1 0
0 1
-1 0
2 1
0 1
0 1
1 0
1 0
0 -1
1 0
0 -1
1 0
0 -1
1 0
0 -1
1 0
0 -1
1 0
0 -1
1 0
0 -1
1 0
0 -1
1 0
0 -1
1 0
0 -1
1 0
0 -1
1 0
0 -1
1 0
0 -1
1 -1
1 0
0 -1
1 -1
1 0
0 -1
1 -1
1 0
0 -1
1 0
0 -1
1 0
0 -1
1 0
0 -1
1 0
0 -1
1 0
0 -1
1 0
0 -1
1 0
0 -1
1 0
0 -1
1 0
0 -1
1 0
0 -1
1 0
0 -1
1 0
0 -1
1 0
0 -1
1 0
0 -1
1 0
0 -1
1 0
0 -1
1 0
0 -1
1 0
0 -1
1 0
0 -1
1 0
0 -1
1 0
0 -1
1 0
0 -1
1 0
0 -1
1 0
0 -1
1 0
0 -1
1 0
0 -1
1 0
0 -1
1 0
0 -1
1 0
0 -1
1 0
0 -1
1 0
0 -1
1 0
0 -1
1 0
0 -1
1 0
0 -1
1 0
0 -1
1 0
0 -1
1 0
0 -1
1 0
0 -1
1 -1
1 1
1 0
1 0
1 0
1 0
1 1
1 0
1 0
1 0
0 1
-1 0
-1 0
-1 0
-3 -1
-1 0
-1 0
-1 0
-1 1
-1 1
-1 1
-1 1
-1 1
-1 1
-2 2
-1 1
-1 1
-1 1
-1 1
-1 1
-1 1
-1 1
-1 1
-1 1
-1 1
-1 1
-1 1
-1 1
-1 1
-1 1
-1 1
-1 1
-1 1
-1 1
-1 1
-1 1
-1 1
-1 1
-1 1
-1 1
-1 1
-1 1
-1 1
-1 1
-1 1
-1 1
-1 1
-1 1
-1 1
-1 1
-1 1
-1 1
-1 1
-1 1
-1 1
-1 1
-1 1
-1 1
-1 1
-1 1
-1 1
-1 1
-1 1
-1 1
-1 0
-1 0
-1 0
0 1
2 0
8 -24
0 -1
0 -1
0 -1
0 -1
0 -1
0 -1
0 -1
0 -1
-1 0
0 -1
-1 -1
0 -1
0 -1
0 -1
0 -1
0 -1
1 0
0 -1
0 -1
-1 0
0 -1
0 -1
0 -1
0 -1
0 -1
0 -1
-1 0
0 -1
-1 0
0 -1
0 -1
0 -1
0 -1
0 -1
0 -1
1 0
0 -1
-1 -1
0 -1
0 -1
0 -1
0 -1
0 -1
0 -1
-1 0
0 -1
-1 0
0 -1
0 -1
0 -1
0 -1
0 -1
1 0
0 -1
0 -1
-1 -1
0 -1
0 -1
0 -1
0 -1
0 -1
-1 0
0 -1
-1 -1
0 -1
0 -1
0 -1
0 -1
0 -1
1 0
0 -1
0 -1
-1 -1
0 -1
0 -1
0 -1
-1 0
0 -1
-1 0
-1 0
0 -1
-1 0
-1 0
0 -1
-1 0
-1 0
0 -1
-1 0
0 -1
-1 0
-1 0
-1 0
0 -1
-1 0
0 -1
-1 0
-1 0
-1 0
0 -1
-1 0
0 -1
-1 0
-1 0
-1 0
0 -1
-1 0
0 -1
-1 0
-1 0
0 -1
-1 0
-1 0
0 -1
-1 0
-1 0
0 -1
-1 0
-1 0
0 -1
-1 0
-1 0
0 -1
-1 0
-1 0
0 -1
-1 0
-1 0
0 -1
-1 0
-1 0
0 -1
-1 0
-1 0
0 -1
-1 0
-1 0
0 -1
-1 0
-1 0
0 -1
-1 0
-1 0
0 -1
-1 0
-1 0
0 -1
-1 0
-1 0
0 -1
-1 0
-1 0
0 -1
-1 0
-1 0
0 -1
-1 0
-1 0
0 -1
-1 0
-1 0
0 -1
0 -1
0 -1
-1 0
0 1
-1 0
-1 0
0 1
1 0
1 0
0 1
1 1
1 0
2 1
1 1
1 0
2 1
1 1
1 0
2 1
1 1
1 0
2 1
1 1
1 0
2 1
1 1
1 0
1 1
1 0
1 1
1 0
1 1
1 0
1 1
1 0
1 1
1 0
1 1
1 0
1 1
1 0
1 1
2 1
1 0
1 1
2 1
1 0
1 1
2 1
1 0
1 1
2 1
2 1
2 1
1 1
0 1
2 5
0 1
0 1
0 5
0 1
0 1
0 1
2 5
0 1
0 1
0 4
0 1
0 1
0 1
0 1
2 4
0 1
0 1
0 1
0 4
0 1
0 1
0 1
0 1
2 4
0 1
0 1
0 1
0 4
0 1
0 1
0 1
2 1
1 0
0 -1
1 0
0 -1
1 0
0 -1
1 0
0 -1
1 0
1 0
0 -1
0 -1
1 0
1 0
0 -1
0 -1
1 0
1 0
0 -1
0 -1
1 0
1 0
0 -1
0 -1
1 0
1 0
0 -1
0 -1
1 0
1 0
0 -1
0 -1
1 0
1 0
0 -1
0 -1
1 0
1 0
0 -1
0 -1
1 0
1 0
0 -1
0 -1
1 0
1 0
0 -1
0 -1
1 0
1 0
0 -1
0 -1
1 0
1 0
0 -1
0 -1
1 0
1 0
0 -1
0 -1
1 0
1 0
0 -1
0 -1
1 0
0 -1
1 0
0 -1
1 0
0 -1
1 0
0 -1
1 0
0 -1
1 0
0 -1
1 0
0 -1
1 0
0 -1
1 0
0 -1
1 0
0 -1
1 0
0 -1
1 0
1 0
0 -1
1 0
1 0
1 0
0 1
-1 0
-1 0
-2 1
-1 1
-1 1
-1 1
-1 1
-1 1
-1 1
-1 1
-1 1
-1 1
-1 1
-1 1
-2 2
-2 2
0 1
-1 1
-1 0
0 1
-1 1
-1 0
0 1
-1 1
-1 0
0 1
-1 1
-1 0
0 1
-1 1
-1 0
0 1
-1 1
-1 0
0 1
-1 1
-1 0
0 1
-1 1
-1 0
0 1
-1 1
-1 0
0 1
-1 1
-1 0
0 1
-1 1
-1 0
0 1
-1 1
-1 0
0 1
-1 0
0 1
-1 0
-1 1
0 1
-1 0
-1 0
0 1
0 1
59 -32
1 0
1 0
0 -1
1 0
1 0
1 0
1 0
0 1
1 0
1 0
1 0
1 0
0 1
-1 0
-1 0
-1 0
-3 -1
-1 0
8 1
0 1
1 0
1 0
0 -1
1 0
1 0
1 0
1 0
1 1
1 0
1 0
1 0
0 1
-1 0
-1 0
-1 0
-3 -1
-1 0
8 2
1 0
1 0
0 -1
1 0
1 0
1 0
1 0
1 1
1 0
1 0
1 0
1 0
0 1
-1 0
-1 0
-1 0
-1 0
-3 -1
-1 0
8 2
1 0
1 0
0 -1
1 0
1 0
1 0
1 0
1 1
1 0
1 0
1 0
1 0
0 1
-1 0
-1 0
-1 0
-1 0
-3 -1
-1 0
8 2
1 0
1 0
1 0
0 -1
1 0
1 0
1 0
1 1
1 0
1 0
1 0
1 0
0 1
-1 0
-1 0
-1 0
-1 0
-3 -1
7 2
1 0
1 0
0 -1
1 0
1 0
1 0
1 0
1 1
1 0
1 0
1 0
1 0
0 1
-1 0
-1 0
-1 0
-1 0
-3 -1
-1 0
9 2
1 0
1 0
0 -1
1 0
0 -1
0 -1
1 0
0 -1
0 -1
-1 0
0 -1
-1 0
0 -1
0 -1
-1 0
0 -1
0 -1
-1 0
0 -1
0 -1
-1 0
0 -1
0 -1
-1 -1
0 -1
-1 -1
0 -1
-1 0
0 -1
0 -1
-1 0
0 -1
0 -1
-1 0
0 -1
-1 0
0 -1
0 -1
0 -1
-1 0
0 -1
-1 0
0 -1
0 -1
0 -1
-1 0
0 -1
-1 0
0 -1
0 -1
0 -1
-1 0
0 -1
-1 0
0 -1
0 -1
-1 0
0 -1
0 -1
-1 0
0 -1
0 -1
-1 0
0 -1
0 -1
-1 -1
0 -1
-1 0
0 -1
0 -1
-1 -1
0 -1
-1 0
0 -1
-1 0
0 -1
0 -1
0 -1
-1 0
0 -1
-1 0
0 -1
0 -1
0 -1
-1 0
0 -1
0 -1
-1 -1
0 -1
-1 0
0 -1
0 -1
-1 -1
0 -1
-1 0
0 -1
-1 0
0 -1
0 -1
0 -1
-1 0
0 -1
-1 0
0 -1
0 -1
0 -1
-1 0
0 -1
0 -1
0 -1
0 -1
0 -1
0 -1
1 0
0 -1
1 0
0 -1
0 -1
1 0
0 -1
0 -1
1 0
0 -1
0 -1
1 0
0 -1
1 0
0 -1
0 -1
0 -1
1 0
0 -1
1 0
0 -1
0 -1
1 0
0 -1
0 -1
1 0
0 -1
0 -1
1 -1
0 -1
1 0
0 -1
0 -1
1 0
0 -1
1 0
0 -1
0 -1
0 -1
1 0
0 -1
1 0
0 -1
0 -1
1 0
0 -1
0 -1
1 0
0 -1
0 -1
1 -1
0 -1
1 0
0 -1
0 -1
1 0
0 -1
0 -1
1 -1
0 -1
1 0
0 -1
1 0
0 -1
0 -1
1 -1
0 -1
1 0
0 -1
0 -1
1 0
0 -1
1 0
0 1
-1 1
0 1
-1 1
0 1
-1 1
0 1
-1 1
-1 1
0 1
0 1
-1 0
0 1
-1 1
0 1
-1 1
0 1
-1 1
0 1
-1 1
-1 2
0 1
-1 1
-1 1
0 1
-1 2
-1 1
0 1
-1 1
0 1
-1 1
0 1
-1 1
-1 2
0 1
-1 1
-1 1
0 1
-1 2
-1 1
0 1
-1 1
0 1
-1 1
0 1
-1 1
-1 1
0 1
0 1
-2 0
0 1
0 1
0 1
1 2
0 1
1 1
1 1
0 1
0 1
1 1
1 1
0 1
0 1
1 0
0 1
1 1
0 1
0 1
1 0
0 1
1 1
0 1
1 2
1 1
0 1
1 2
1 1
0 1
1 1
0 1
1 1
0 1
1 1
0 1
1 1
0 1
1 1
0 1
1 1
0 1
1 1
0 1
1 1
0 1
1 1
1 2
0 1
1 1
1 1
0 1
0 1
1 1
1 1
0 1
0 1
1 0
0 1
1 1
0 1
1 1
0 1
1 1
0 1
1 1
0 1
1 1
0 1
1 1
0 1
1 1
0 1
2 2
1 0
0 1
-1 0
0 1
-1 0
2 0
1 0
0 -1
-23 -14
0 -1
0 -1
-1 0
0 -1
0 -1
-1 0
0 -1
0 -1
-1 0
0 -1
0 -1
-1 0
0 -1
0 -1
-1 0
0 -1
0 -1
-1 0
0 -1
0 -1
-1 0
0 -1
0 -1
-1 0
0 -1
0 -1
-1 0
0 -1
-1 0
0 -1
0 -1
0 -1
-1 0
0 -1
-1 0
0 -1
0 -1
0 -1
-1 0
0 -1
-1 0
0 -1
0 -1
0 -1
-1 0
0 -1
-1 0
0 -1
0 -1
-1 0
0 -1
0 -1
-1 0
0 -1
0 -1
-1 0
0 -1
0 -1
-1 0
0 -1
0 -1
-1 0
0 -1
0 -1
-1 0
0 -1
0 -1
-1 0
0 -1
0 -1
-1 0
0 -1
0 -1
-1 0
0 -1
0 -1
-1 0
0 -1
-1 0
0 -1
0 -1
0 -1
-1 0
0 -1
-1 0
0 -1
0 -1
0 -1
0 -1
0 -1
1 0
0 -1
0 -1
1 0
0 -1
1 0
0 -1
0 -1
0 -1
1 0
0 -1
1 0
0 -1
0 -1
1 0
0 -1
0 -1
1 0
0 -1
0 -1
1 0
0 -1
0 -1
1 0
0 -1
1 0
0 -1
0 -1
0 -1
1 0
0 -1
1 0
0 -1
0 -1
1 0
0 -1
0 -1
1 0
0 -1
0 -1
1 0
0 -1
0 -1
1 0
0 -1
0 -1
1 0
0 -1
1 0
0 -1
0 -1
0 -1
1 0
0 -1
1 0
0 -1
0 -1
1 0
0 -1
0 -1
1 0
0 -1
0 -1
1 0
0 -1
1 0
0 -1
0 -1
0 -1
1 0
0 -1
1 0
0 -1
0 -1
1 0
0 -1
0 -1
1 0
0 -1
0 -1
0 -1
-1 0
0 -1
-1 0
-1 0
-1 0
-1 0
0 1
-1 0
-1 0
-1 0
-1 0
-1 0
0 1
-1 0
0 1
-1 0
-1 0
0 -1
-1 0
-1 0
-1 0
-1 0
-1 1
-1 0
-1 0
-1 0
-1 0
0 1
-1 0
-1 1
-1 0
0 -1
-1 0
-1 0
-1 0
-1 0
-1 0
0 1
-1 0
-1 0
-1 0
-1 0
-1 0
0 1
-1 0
0 1
-1 0
-1 0
0 -1
-1 0
-1 0
-1 0
-1 0
-1 1
-1 0
-1 0
-1 0
-1 0
0 1
-1 0
-1 1
-1 0
0 -1
-1 0
-1 0
-1 0
-1 0
-1 0
0 1
-1 0
-1 0
-1 0
-1 0
0 1
-1 0
-1 0
-1 0
0 -1
-1 0
0 -1
-1 0
0 -1
-1 0
0 -1
-1 0
0 -1
-1 0
0 -1
-1 0
0 -1
-1 0
0 -1
-1 0
0 -1
-1 0
0 -1
-1 0
0 -1
-1 0
0 -1
-1 0
0 -1
-1 0
0 -1
-1 0
0 -1
-1 0
0 -1
0 -1
-1 0
-1 0
0 -1
0 -1
-1 0
0 -1
-1 0
0 -1
-1 0
0 -1
-1 0
0 -1
-1 0
0 -1
-1 0
0 -1
-1 0
0 -1
-1 0
0 -1
-1 0
0 -1
-1 0
0 -1
-1 0
0 -1
-1 0
0 -1
-1 0
0 -1
-1 0
0 -1
-1 0
0 -1
-1 0
0 -1
-1 0
0 -1
-1 0
0 -1
0 -1
-1 0
0 -1
-1 0
0 -1
-1 0
0 -1
-1 0
0 -1
-1 0
0 -1
-1 0
0 -1
-1 0
0 -1
-1 0
-1 0
0 -1
0 -1
-1 0
0 2
-1 0
0 1
1 0
0 1
-1 0
0 1
1 0
-1 1
-1 0
0 1
0 1
1 0
0 1
-1 0
0 1
1 0
0 1
-1 0
1 1
0 1
-1 0
0 1
-1 0
0 1
1 0
0 1
-1 0
0 1
1 0
0 1
-1 0
0 1
-1 0
0 1
0 1
1 0
0 1
-1 0
0 1
1 0
0 1
-1 0
1 1
-1 1
0 1
-1 0
0 1
1 0
0 1
-1 0
0 1
1 0
0 1
-1 0
0 1
-1 1
0 1
1 0
0 1
-1 0
0 1
1 0
0 1
-1 0
1 1
-1 1
0 1
-1 0
0 1
1 0
0 1
-1 0
0 1
1 0
0 1
-1 0
0 1
-1 0
0 1
0 1
1 0
0 1
-1 0
0 1
1 0
0 1
-1 0
1 1
0 1
-1 0
0 1
-1 0
0 1
1 0
0 1
-1 0
0 1
1 0
-1 1
0 1
-1 0
0 1
0 1
1 0
0 1
-1 0
0 1
1 0
0 1
-1 0
-1 1
0 1
-1 0
-1 0
-1 0
0 1
-1 0
0 1
-1 0
-1 0
-1 0
0 1
-1 0
0 1
-1 0
-1 0
-1 0
0 1
-1 0
-1 0
0 1
-1 0
-1 0
0 1
-1 0
-1 0
0 1
-1 0
0 1
-1 0
-1 0
-1 0
0 1
-1 0
0 1
-1 0
-1 0
-1 0
0 1
-1 0
-1 0
0 1
-1 0
-1 0
0 1
-1 0
-1 0
0 1
-1 0
-1 0
0 1
-1 0
-1 0
0 1
-1 0
-1 0
-1 0
0 1
-1 0
0 1
-1 0
-1 0
-1 0
0 1
-1 0
0 1
-1 0
-1 0
-1 0
0 1
-1 0
-1 0
0 1
-1 0
-1 0
0 1
-1 0
-1 0
0 1
-1 0
-1 0
0 1
1 0
1 0
1 -1
1 0
1 -1
1 0
1 -1
1 0
1 -1
1 0
2 -1
1 -1
1 0
1 0
1 -1
1 -1
1 0
1 0
1 -1
2 -1
1 0
1 -1
1 0
1 -1
1 0
1 -1
1 0
1 -1
1 0
2 -1
1 -1
1 0
1 0
1 -1
1 -1
1 0
1 0
0 -1
1 0
1 -1
1 0
1 -1
1 0
1 0
1 -1
1 -1
1 0
1 0
1 -1
1 -1
1 0
1 0
1 -1
1 -1
-10 -22
0 -1
0 -1
0 -1
0 -1
-1 0
0 -1
0 -1
0 -1
1 -1
0 -1
0 -1
0 -1
0 -1
1 0
0 1
0 1
0 1
0 1
1 -5
0 -1
0 -1
0 -1
0 -1
0 -1
-1 0
0 -1
0 -1
1 -1
0 -1
0 -1
0 -1
0 -1
1 0
0 1
0 1
0 1
0 1
-2 4
0 1
0 1
3 -11
0 -1
0 -1
0 -1
0 -1
-1 0
0 -1
0 -1
0 -1
1 0
0 -1
0 -1
0 -1
0 -1
0 -1
1 0
0 1
0 1
0 1
0 1
0 1
-2 4
0 1
3 -11
0 -1
0 -1
0 -1
0 -1
-1 0
0 -1
0 -1
0 -1
1 0
0 -1
0 -1
0 -1
0 -1
0 -1
1 0
0 1
0 1
0 1
0 1
0 1
-2 4
0 1
3 -11
0 -1
0 -1
0 -1
0 -1
-1 0
0 -1
0 -1
0 -1
1 -1
0 -1
0 -1
0 -1
0 -1
1 0
0 1
0 1
0 1
0 1
1 -5
0 -1
0 -1
0 -1
0 -1
-1 0
0 -1
2 0
0 1
1 0
0 1
-1 0
1 1
1 0
0 -1
1 1
0 1
-1 0
1 1
1 0
0 -1
1 1
0 1
-1 0
1 1
1 0
0 -1
1 1
0 1
-1 0
1 1
1 0
0 -1
1 1
0 1
-1 0
1 1
1 0
0 -1
1 1
0 1
-1 0
1 1
1 0
0 -1
1 1
0 1
-1 0
1 1
1 0
0 -1
1 1
0 1
-1 0
-1 0
2 1
1 0
0 -1
1 1
0 1
-1 0
-1 0
2 1
1 0
0 -1
1 1
0 1
-1 0
-1 0
1 1
1 0
1 0
0 -1
0 2
-1 0
1 1
1 0
0 -1
1 1
0 1
-1 0
1 1
1 0
0 -1
1 1
0 1
-1 0
1 1
1 0
0 -1
1 1
0 1
-1 0
1 1
1 0
0 -1
1 1
0 1
-1 0
1 1
1 0
0 -1
1 1
0 1
-1 0
1 1
1 0
0 -1
1 1
0 1
-1 0
0 1
1 0
1 0
0 -1
1 1
0 1
-1 0
0 1
1 0
1 0
0 -1
1 1
0 1
-1 0
0 1
1 0
1 0
0 -1
1 1
0 1
-1 0
0 1
1 0
1 0
0 -1
0 2
1 0
0 1
-1 0
1 1
1 0
0 -1
1 1
0 1
-1 0
1 1
1 0
0 -1
1 1
0 1
-1 0
1 1
1 0
0 -1
1 1
0 1
-1 0
1 1
1 0
0 -1
1 1
0 1
-1 0
1 1
1 0
0 -1
1 1
0 1
-1 0
1 1
1 -1
1 1
0 1
-1 0
1 1
1 -1
1 1
0 1
-1 0
1 1
1 -1
1 1
0 1
-1 0
1 1
1 -1
1 0
1 0
1 0
1 0
1 0
0 1
-1 0
-1 0
3 0
1 0
1 -1
0 -1
-1 0
-1 0
3 0
1 0
0 1
-1 0
2 0
1 0
1 -1
0 -1
1 0
1 0
1 0
1 0
1 0
0 -1
1 0
1 0
1 0
1 0
0 1
-1 0
2 0
1 0
1 0
0 -1
0 -1
1 0
1 0
1 0
1 0
1 0
0 1
-1 0
-1 0
-1 0
-1 0
5 -2
1 0
1 0
1 0
1 0
0 1
-1 0
-1 0
3 0
1 0
1 -1
0 -1
1 0
1 0
1 0
1 0
1 0
0 -1
1 0
1 0
1 0
1 0
0 1
-1 0
2 0
1 0
1 0
0 -1
0 -1
1 0
1 0
1 0
1 0
1 0
0 -1
1 0
1 0
1 0
1 0
1 0
0 1
-1 0
-1 0
3 0
1 0
1 -1
0 -1
1 0
1 0
1 0
1 0
0 1
-1 0
-1 0
-1 0
4 -2
1 0
1 0
1 0
1 0
0 1
-1 0
-1 0
3 0
1 0
1 0
0 -1
0 -1
1 0
1 0
1 0
1 0
1 0
0 -1
1 0
1 0
0 2
-1 0
-1 0
-1 0
-1 0
-1 0
-1 0
3 3
1 0
0 -1
1 0
0 -1
1 0
0 1
-1 1
-1 1
-1 0
0 1
1 0
-1 1
-1 0
0 1
-1 0
0 1
1 0
0 1
-1 1
-1 0
0 -1
0 2
-1 0
0 1
1 0
0 1
-1 0
-1 0
0 1
1 0
0 1
-1 0
-1 0
0 1
-1 0
0 1
1 0
1 0
0 -1
-1 2
4 -7
2 -4
-18 10
-1 0
0 1
-1 0
0 1
1 0
-1 1
0 1
-1 1
-1 2
0 1
-1 1
-1 1
0 1
-1 2
-1 1
0 1
-1 1
0 1
-1 1
0 1
-1 1
-1 1
0 1
0 1
-1 1
-1 1
0 1
-1 1
0 1
-1 1
0 1
-1 1
-1 2
0 1
-1 1
-1 1
0 1
0 1
-1 1
-1 1
0 1
-1 1
0 1
-1 1
0 1
-1 1
-1 2
0 1
-1 0
0 1
-1 2
-1 1
0 1
-1 1
-2 1
0 1
0 1
1 2
1 1
0 1
1 2
1 1
0 1
1 1
0 1
1 1
1 2
0 1
1 1
1 2
0 1
1 1
1 2
0 1
1 1
1 2
1 2
1 1
0 1
1 2
1 1
0 1
1 2
1 1
0 1
1 2
1 1
0 1
1 1
0 1
1 1
0 1
1 1
0 1
1 1
0 1
1 1
0 1
1 1
0 1
1 1
0 2
1 0
0 1
-1 0
-1 0
-1 0
0 -1
-1 0
0 -1
-1 0
-1 0
-1 0
-1 0
-1 -1
-1 0
-1 0
-1 0
0 1
-1 0
-1 0
0 -1
-1 0
0 -1
-1 0
-1 0
-1 0
-1 0
-1 -1
-1 0
-1 0
-1 0
-1 0
0 1
-1 0
-1 -1
0 -1
-1 0
-1 0
-1 0
-1 0
-1 -1
-1 0
-1 0
-1 0
-1 0
0 1
-1 0
-1 -1
-1 0
0 -1
-1 0
-1 0
-1 0
0 1
1 0
1 0
-3 -2
-1 0
-1 0
-1 0
-1 0
0 1
-1 0
-1 -1
0 -1
-1 0
-1 0
-1 0
-1 0
-1 -1
-1 0
-1 0
-1 0
-1 0
0 1
-1 0
-1 -1
3 1
1 0
1 0
3 1
1 0
1 0
4 1
1 0
1 0
9 2
1 0
1 0
3 1
1 0
1 0
4 1
1 0
1 0
3 1
1 0
1 0
5 1
1 0
3 1
1 0
1 0
-14 -110
-1 0
-1 0
5 -1
1 0
1 0
5 -1
1 0
1 0
4 -1
1 0
-1 -14
-1 0
-1 0
-1 0
-1 0
-9 2
-1 0
-1 0
-1 0
-7 16
-1 0
-1 0
-3 1
-1 0
-1 0
-1 0
-5 1
-1 0
-1 0
-3 1
-1 0
-1 0
-5 1
-1 0
-1 0
-3 1
-1 0
-1 0
-3 1
-1 0
-1 -1
-1 -1
-1 -1
-1 -1
-1 -1
-1 -1
-1 -1
-1 -1
-1 -1
-1 -1
-1 -1
-1 -1
-1 -1
-1 -1
-2 -3
-2 -2
-1 -1
-1 -1
-1 -1
-1 -1
-1 -1
-1 -1
-1 -1
-1 -1
-1 -1
-1 -1
-1 -1
-1 -1
-1 -1
-1 -1
-2 -2
-2 -2
0 -1
-1 -1
-1 0
0 -1
-1 -1
-1 0
0 -1
-1 -1
-1 -1
-1 -1
-14 -15
0 -1
2 -12
0 -1
-10 65
0 1
83 -10
1 0
1 0
1 0
1 0
