73 37
0 1
0 1
-1 0
0 1
0 1
-1 2
0 1
0 1
0 1
-1 2
0 1
0 1
0 1
0 1
0 1
0 1
0 1
0 1
0 1
0 1
0 1
0 1
0 1
0 1
0 1
1 3
0 1
0 1
0 1
1 1
0 1
0 1
1 1
0 1
1 1
0 1
0 1
1 0
0 1
0 1
1 1
1 1
0 1
1 1
0 1
1 1
1 0
0 1
1 1
1 1
0 1
1 0
0 1
1 0
0 1
1 0
0 1
1 0
0 1
1 0
0 1
1 0
1 1
0 1
-1 0
-1 0
-1 0
-1 0
-1 0
-3 -1
-1 0
-1 0
-2 -1
-1 0
-1 -1
-1 0
-1 -1
-1 0
-1 0
0 -1
-1 0
-1 0
0 1
0 1
0 1
0 1
0 1
1 0
0 1
0 1
0 1
0 1
0 1
1 2
0 1
0 1
1 2
0 1
0 1
1 0
0 1
0 1
1 1
0 1
1 0
0 1
0 1
1 1
0 1
1 1
1 1
0 1
1 0
0 1
1 0
0 1
1 1
1 1
0 1
1 0
0 1
1 0
1 1
0 1
1 0
1 1
0 1
1 0
1 1
1 0
1 1
1 0
0 1
1 0
1 1
1 0
0 1
1 0
1 1
1 0
1 0
1 1
1 0
1 1
1 0
1 0
2 1
1 0
0 1
-1 0
-1 0
-2 1
-1 0
-1 0
-1 0
-1 0
-1 0
-1 0
-1 0
-1 0
-1 0
-1 0
-1 0
-1 0
-1 0
-1 0
-2 0
0 1
0 1
1 1
0 1
1 1
0 1
0 1
1 0
0 1
1 1
0 1
1 1
0 1
1 0
0 1
1 1
1 1
0 1
1 0
0 1
1 0
0 1
1 0
0 1
1 0
0 1
1 1
1 0
0 1
1 0
0 1
1 0
1 1
1 0
0 1
1 0
1 1
1 0
0 1
1 0
1 0
0 1
1 0
1 1
1 0
1 0
0 1
1 0
1 0
1 1
1 0
1 0
2 1
1 0
1 0
1 0
0 1
1 0
1 0
1 0
1 0
1 0
2 1
1 0
-1 1
-1 0
-1 1
-1 0
0 1
-1 0
0 1
-1 0
-1 1
-1 0
0 1
-1 0
-1 1
-1 0
-1 1
-1 0
0 1
-1 0
-1 0
-1 1
-1 0
0 1
-1 0
-1 0
-1 1
-1 0
-1 1
-1 0
-1 0
-1 1
-1 0
-1 1
-1 0
-1 0
-1 1
-1 0
-1 0
-1 1
-1 0
-1 0
-2 1
-1 0
-1 0
-1 0
-1 1
-1 0
-1 0
-1 0
-4 1
-1 0
-1 0
-1 0
-1 0
-1 0
-1 0
-1 0
-1 0
-3 7
-1 0
-1 0
0 -1
-1 0
-1 -1
-1 0
-1 0
0 -1
-1 0
-1 -1
-1 0
-1 -1
-1 0
0 -1
0 -1
-1 0
-1 0
1 1
2 -1
1 0
1 0
9 8
1 0
0 1
1 0
2 1
1 0
2 1
1 0
0 1
1 0
1 0
1 1
1 0
1 0
0 1
1 0
1 0
1 1
1 0
1 0
2 1
1 0
1 0
1 1
1 0
1 0
2 1
1 0
1 0
1 1
1 0
1 0
1 0
3 1
1 0
1 0
1 0
1 0
3 1
1 0
1 0
1 0
1 0
1 0
1 0
1 1
1 0
1 0
1 0
1 0
1 0
1 0
1 0
1 0
1 0
1 0
1 0
1 0
1 0
1 0
1 0
1 0
1 0
1 0
1 0
1 0
1 0
1 0
1 0
1 -1
1 0
1 0
1 0
1 0
1 0
1 0
4 -1
1 0
1 0
1 0
1 0
2 -1
1 0
1 0
1 0
1 0
0 -1
1 0
1 0
1 0
2 -1
1 0
1 0
1 -1
1 0
1 0
1 -1
1 0
1 0
2 -1
1 0
1 0
0 -1
1 0
1 0
1 -1
1 0
1 0
0 -1
1 0
2 -1
1 0
1 -1
1 0
1 -1
1 0
1 -1
1 0
1 -1
1 0
1 -1
1 0
1 -1
1 0
0 -1
1 0
1 -1
1 0
0 -1
1 0
1 -1
1 0
1 -1
1 0
0 -1
1 0
1 -1
1 -1
1 0
1 -1
1 -1
1 0
0 -1
1 0
0 -1
1 0
1 -1
1 -1
1 -1
1 0
0 -1
1 -1
1 0
0 -1
1 0
0 -1
1 0
1 -1
0 -1
1 0
0 -1
1 0
1 -1
0 -1
1 0
1 -1
0 -1
1 -1
1 0
0 -1
1 0
0 -1
1 -1
1 -1
0 -1
1 0
0 -1
1 0
0 -1
1 -1
1 -1
0 -1
1 0
0 -1
1 -1
0 -1
1 0
0 -1
1 0
0 -1
1 -1
0 -1
1 -1
1 -1
0 -1
1 -1
0 -1
1 0
0 -1
1 -1
0 -1
1 -1
0 -1
1 -1
0 -1
1 0
0 -1
0 -1
1 -1
0 -1
1 -1
0 -1
1 -1
0 -1
1 -1
0 -1
0 -1
1 0
0 -1
1 -1
0 -1
0 -1
1 -2
0 -1
1 -1
0 -1
0 -1
1 -1
0 -1
0 -1
1 -1
0 -1
1 -2
0 -1
0 -1
1 -3
0 -1
0 -1
1 -1
0 -1
0 -1
0 -1
1 -2
0 -1
0 -1
0 -1
0 -1
1 -1
0 -1
0 -1
0 -1
0 -1
0 -1
1 -5
0 -1
0 -1
0 -1
0 -1
0 -1
0 -1
0 -1
0 -1
0 -1
0 -1
0 -1
0 -1
0 -1
0 -1
0 -1
0 -1
0 -1
1 0
1 -1
1 -1
1 -1
1 0
1 -1
0 -1
1 0
1 -1
1 -1
1 -1
1 -1
1 0
0 -1
1 -1
1 -1
1 -1
1 -1
0 -1
1 0
1 -1
0 -1
1 -1
1 0
0 -1
1 -1
0 -1
1 0
0 -1
1 -1
0 -1
0 -1
1 0
0 1
-2 0
-2 1
-1 0
-2 1
-1 0
-1 1
-1 0
-1 0
-2 1
-1 0
-1 0
-1 1
-1 0
-1 0
-3 1
-1 0
-1 0
-1 0
0 -1
0 -1
1 0
0 -1
1 0
0 -1
1 0
1 -1
1 -1
1 -1
1 -1
1 -1
1 -1
0 -1
1 0
0 -1
1 -1
1 -1
0 -1
1 -1
0 -1
1 0
0 -1
1 -1
0 -1
1 -1
0 -1
1 -1
0 -1
0 -1
0 -1
-1 0
0 1
-1 0
-1 0
0 1
-1 0
-1 1
-1 0
-1 1
-1 0
-1 0
0 1
-1 0
-2 1
-1 0
-1 1
-1 0
-2 1
-1 0
-2 1
-1 0
-1 0
-1 1
-1 0
-1 0
-2 1
-1 0
-1 0
-1 0
-1 0
-1 -1
-1 -1
-1 -1
-1 -1
-1 0
0 -1
-1 0
-1 -1
-1 0
0 -1
-1 0
-1 -1
-1 0
-1 -1
-1 0
0 -1
-1 0
-1 -1
-1 0
-1 0
0 -1
-1 0
-1 0
-1 -1
-1 0
-1 0
-1 0
-2 -1
-1 0
-1 0
-1 0
-1 -1
-1 0
-1 0
-1 0
-1 0
-1 0
-1 0
-1 0
-1 0
-1 0
-1 0
-1 0
-1 0
-1 0
0 1
-1 0
-1 0
-1 0
-1 0
-2 1
-1 0
-1 0
-2 1
-1 0
-1 1
-1 0
-2 1
-1 0
0 1
-1 0
-1 1
-1 0
-1 1
-1 0
0 1
-1 0
-1 1
-1 1
-1 0
0 1
-1 0
0 1
-1 0
0 1
-1 0
0 1
-1 0
0 1
-1 0
0 1
-1 0
0 1
-1 0
0 1
-1 1
0 1
-1 0
0 1
-1 0
0 1
0 1
-1 0
0 1
-1 1
0 1
-1 1
0 1
-1 1
0 1
0 1
-1 1
0 1
-1 2
0 1
0 1
0 1
-1 2
0 1
0 1
0 1
0 1
0 1
0 1
0 1
0 1
0 1
0 1
0 1
0 1
0 1
0 1
0 1
0 1
-2 3
-1 0
-1 0
-1 0
-1 0
-1 0
-1 0
-1 0
-1 -1
-1 0
-1 0
-1 0
-1 0
-1 0
-2 -1
-1 0
-1 0
-1 0
-1 0
-2 -1
-1 0
-1 0
-1 0
-1 -1
-1 0
-1 0
-2 -1
-1 0
-1 0
0 -1
-1 0
-1 0
-2 -1
-1 0
-1 0
-1 -1
-1 0
-1 0
0 -1
-1 0
-1 0
-1 -1
-1 0
-1 0
-1 -1
-1 0
-1 -1
-1 0
-1 -1
-1 0
-1 -1
-1 0
-1 -1
-1 0
-1 -1
-1 0
-1 -1
-1 -1
-1 0
-1 0
0 -1
-1 0
-1 -1
-1 0
-1 -1
-1 0
0 -1
-1 0
-1 -1
-1 -1
-1 0
-1 -1
-1 -1
-1 0
0 -1
-1 0
-1 -1
-1 -1
-1 -1
-1 0
-1 -1
0 -1
-1 0
-1 -1
-1 -1
-1 -1
-1 0
0 -1
-1 0
0 -1
-1 0
0 -1
-1 0
-1 -1
-1 -1
-1 -1
-1 -1
0 -1
-1 0
0 -1
-1 0
0 -1
-1 0
0 -1
-1 0
0 -1
-1 0
0 -1
-1 -1
-1 0
0 -1
-1 0
-1 1
0 1
-1 1
0 1
16 60
1 0
0 1
-1 0
-1 0
183 -45
1 0
1 0
0 -1
