000000000000000000000000000000000000000000000000000000000000000000000000000000000000000000011110000000000000000000001100000000000000000111000111011000000000000000000001100000000000000000110000110001100000000000000000001110000000000000000011000011011100000000000000000011000000000000000000000000000000000000000000000000000000000000000000000000000000000000000000
000000000000000000000000000000000000000000000000000000000000000000000000000000000000000000011111100000000000000000001100000000000000000111100111111000000000000000000001100000000000000000111000110011100000000000000000001110000000000000000011100011111100000000000000000011000000000000000000000000000000000000000000000000000000000000000000000000000000000000000000
000000000000000000000000000000000000000000000000000000000000000000000000000000000000000000011111100000000000000000001100000000000000000111110111111000000000000000000001100000000000000000111110111111100000000000000000001110000000000000000011111011111100000000000000000011000000000000000000000000000000000000000000000000000000000000000000000000000000000000000000
000000000000000000000000000000000000000000000000000000000000000000000000000000000000000000111110000000000000000000001100000000000000000011110111110000000000000000000001110000000000000000011111011111000000000000000000001110000000000000000001111111111000000000000000000011000000000000000000000000000000000000000000000000000000000000000000000000000000000000000000
000000000000000000000000000000000000000000000000000000000000000000000000000000000000000000111100000000000000000000001111000000000000000000111111110000000000000000000000111000000000000000001111100000000000000000000000001111000000000000000000111101111000000000000000000011000000000000000000000000000000000000000000000000000000000000000000000000000000000000000000
000000000000000000000000000000000000000000000000000000000000000000000000000000000000000000000000000000000000000000001111100000000000000000011111000000000000000000000000111110000000000000000111100000000000000000000000001111100000000000000000011110000000000000000000000111000000000000000000000000000000000000000000000000000000000000000000000000000000000000000000
000000000000000000000000000000000000000000000000000000000000000000000000000000000000000000000000000000000000000000001111100000000000000000011111000000000000000000000000111110000000000000000011100000000000000000000000001111100000000000000000011110000000000000000000000111000000000000000000000000000000000000000000000000000000000000000000000000000000000000000000
000000000000000000000000000000000000000000000000000000000000000000000000000000000000000000000000000000000000000111111111110000000000000000011100000000000000000000011111011111000000000000000001100000000000000000000001111111110000000000000000011110000000000000000000011111000000000000000000000000000000000000000000000000000000000000000000000000000000000000000000
000000000000000000000000000000000000000000000000000000000000000000000000000000000000000000000000000000000000000111111011111000000000000000001100000000000000000000111111001111100000000000000001100000000000000000000011111101111100000000000000000110000000000000000000111110000000000000000000000000000000000000000000000000000000000000000000000000000000000000000000
000000000000000000000000000000000000000000000000000000000000000000000000000000000000000000000000000000000000001111011000111100000000000000001100000000000000000001111111000111110000000000000001100000000000000000001111111100111110000000000000000110000000000000000001111100000000000000000000000000000000000000000000000000000000000000000000000000000000000000000000
000000000000000000000000000000000000000000000000000000000000000000000000000000000000000000000000000000000000011111011000011111000000000000001100000000000000000111110111000001111000000000000001100000000000000000011111011100011111000000000000000110000000000000000011111000000000000000000000000000000000000000000000000000000000000000000000000000000000000000000000
000000000000000000000000000000000000000000000000000000000000000000000000000000000000000000000000000000000011111100011000001111100000000000001100000000000000001111100111000000111110000000000001100000000000000000111110011100001111110000000000000110000000000000000111100110000000000000000000000000000000000000000000000000000000000000000000000000000000000000000000
000000000000000000000000000000000000000000000000000000000000000000000000000000000000000000000000000000000011111100011000001111100000000000001100000000000000001111100111000000111110000000000001100000000000000000111110011100001111111000000000000110000000000000000111100110000000000000000000000000000000000000000000000000000000000000000000000000000000000000000000
000000000000000000000000000000000000000000000000000000000000000000000000000000000000000000000000000000000111111000011000000111110000000000001100000000000000011111000111000000011111000000000001100000000000000001111100011100000011111100000000000110000000000000011111000110000000000000000000000000000000000000000000000000000000000000000000000000000000000000000000
000000000000000000000000000000000000000000000000000000000000000000000000000000000000000000000000000000001111100000011000000011111100000000001100000000000000111110000111000000001111100000000001100000000000001111110000011100000000111110000000000110000000000000111110000110000000000000000000000000000000000000000000000000000000000000000000000000000000000000000000
000000000000000000000000000000000000000000000000000000000000000000000000000000000000000000000000000000011110000000011000000000111111000000001100000000000001111000000111000000000111110000000001100000000000011111100000011100000000011111000000000110000000000001111100000110000000000000000000000000000000000000000000000000000000000000000000000000000000000000000000
000000000000000000000000000000000000000000000000000000000000000000000000000000000000000000000000000001111100000000011000000000001111100000001100000000000111110000000111000000000001111000000001100000000000111110000000011100000000000111100000000110000000000011111000000110000000000000000000000000000000000000000000000000000000000000000000000000000000000000000000
000000000000000000000000000000000000000000000000000000000000000000000000000000000000000000000000000011111000000000011000000000000111110000001100000000001111100000000111000000000000111110000001100000000001111100000000011100000000000011110000000110000000000111100000000110000000000000000000000000000000000000000000000000000000000000000000000000000000000000000000
000000000000000000000000000000000000000000000000000000000000000000000000000000000000000000000000000011111000000000011000000000000111110000001100000000001111100000000111000000000000111110000001100000000001111100000000011100000000000011111000000110000000000111100000000110000000000000000000000000000000000000000000000000000000000000000000000000000000000000000000
000000000000000000000000000000000000000000000000000000000000000000000000000000000000000000000000000111110000000000011000000000000011111000001100000000011111000000000111000000000000011111000001100000000011110000000000011100000000000001111100000110000000011111000000000110000000000000000000000000000000000000000000000000000000000000000000000000000000000000000000
000000000000000000000000000000000000000000000000000000000000000000000000000000000000000000000000001111100000000000011000000000000000111100001100000000111110000000000111000000000000001111100001100000001111100000000000011100000000000000111110000110000000111110000000000110000000000000000000000000000000000000000000000000000000000000000000000000000000000000000000
000000000000000000000000000000000000000000000000000000000000000000000000000000000000000000000000011110000000000000011000000000000000011111001100000011111000000000000111000000000000000111110001100000011111000000000000011100000000000000011111000110000001111100000000000110000000000000000000000000000000000000000000000000000000000000000000000000000000000000000000
000000000000000000000000000000000000000000000000000000000000000000000000000000000000000000000001111100000000000000011000000000000000001111101100000111110000000000000111000000000000000001111001100000111110000000000000011100000000000000000111100110000011111000000000000110000000000000000000000000000000000000000000000000000000000000000000000000000000000000000000
000000000000000000000000000000000000000000000000000000000000000000000000000000000000000000000001111100000000000000011000000000000000001111101100000111110000000000000111000000000000000001111001100000111110000000000000011100000000000000000111100110000011110000000000000110000000000000000000000000000000000000000000000000000000000000000000000000000000000000000000
000000000000000000000000000000000000000000000000000000000000000000000000000000000000000000000011111000000000000000011000000000000000000111111100001111100000000000000111000000000000000000111111100001111100000000000000011100000000000000000011111110000111100000000000000110000000000000000000000000000000000000000000000000000000000000000000000000000000000000000000
000000000000000000000000000000000000000000000000000000000000000000000000000000000000000000000111110000000000000000011000000000000000000011111100111111000000000000000111000000000000000000011111100011110000000000000000011100000000000000000001111110011111000000000000000111000000000000000000000000000000000000000000000000000000000000000000000000000000000000000000
000000000000000000000000000000000000000000000000000000000000000000000000000000000000000000001111100000000000000000111000000000000000000000111111111100000000000000000111000000000000000000001111101111100000000000000000111100000000000000000000111110111110000000000000000011000000000000000000000000000000000000000000000000000000000000000000000000000000000000000000
000000000000000000000000000000000000000000000000000000000000000000000000000000000000000000011110000000000000000011111100000000000000000000000011110000000000000000001111000000000000000000000000011111000000000000000001111110000000000000000000000001111100000000000000000111100000000000000000000000000000000000000000000000000000000000000000000000000000000000000000
000000000000000000000000000000000000000000000000000000000000000000000000000000000000000000111100000000000000000111111111000000000000000000000111100000000000000000011111011000000000000000000000011110000000000000000011111110000000000000000000000011111000000000000000011111100000000000000000000000000000000000000000000000000000000000000000000000000000000000000000
000000000000000000000000000000000000000000000000000000000000000000000000000000000000000000111100000000000000000111111111000000000000000000000111100000000000000000011111011000000000000000000000011110000000000000000011111110000000000000000000000011111000000000000000011111100000000000000000000000000000000000000000000000000000000000000000000000000000000000000000
000000000000000000000000000000000000000000000000000000000000000000000000000000000000000000111000000000000000001111101111100000000000000000000111100000000000000000111111111110000000000000000000011100000000000000001111101111100000000000000000000011100000000000000000111111000000000000000000000000000000000000000000000000000000000000000000000000000000000000000000
000000000000000000000000000000000000000000000000000000000000000000000000000000000000000000011000000000000000011111001111110000000000000000000111000000000000000001111001111110000000000000000000011100000000000000011111001111110000000000000000000011000000000000000001111111000000000000000000000000000000000000000000000000000000000000000000000000000000000000000000
000000000000000000000000000000000000000000000000000000000000000000000000000000000000000000011000000000000001111100011111111000000000000000000111000000000000000111110001101111100000000000000000011100000000000000111110001111111100000000000000000011000000000000000011111011000000000000000000000000000000000000000000000000000000000000000000000000000000000000000000
000000000000000000000000000000000000000000000000000000000000000000000000000000000000000000011000000000000011111000011000111100000000000000000111000000000000001111100001101111110000000000000000011100000000000001111100001110111110000000000000000011000000000000000111100011000000000000000000000000000000000000000000000000000000000000000000000000000000000000000000
000000000000000000000000000000000000000000000000000000000000000000000000000000000000000000011000000000000111110000011000011111000000000000000111000000000000011111000001100001111000000000000000011100000000000011110000001110011111000000000000000011000000000000011111000011000000000000000000000000000000000000000000000000000000000000000000000000000000000000000000
000000000000000000000000000000000000000000000000000000000000000000000000000000000000000000011000000000000111110000011000011111000000000000000111000000000000011111000001100001111000000000000000011100000000000011110000001110011111000000000000000011000000000000011111000011000000000000000000000000000000000000000000000000000000000000000000000000000000000000000000
000000000000000000000000000000000000000000000000000000000000000000000000000000000000000000011000000000001111100000011000001111100000000000000111000000000000111110000001100000111110000000000000011100000000001111100000001110001111100000000000000011000000000000111110000011000000000000000000000000000000000000000000000000000000000000000000000000000000000000000000
000000000000000000000000000000000000000000000000000000000000000000000000000000000000000000011000000000011110000000011000000111110000000000000111000000000111111000000001100000011111000000000000111100000000011111000000001110000011110000000000000011000000000001111100000011000000000000000000000000000000000000000000000000000000000000000000000000000000000000000000
000000000000000000000000000000000000000000000000000000000000000000000000000000000000000000011000000001111100000000011000000011111000000000000111000000001111110000000001100000001111100000000000111100000000111110000000001110000001111100000000000011000000000011111000000011000000000000000000000000000000000000000000000000000000000000000000000000000000000000000000
000000000000000000000000000000000000000000000000000000000000000000000000000000000000000000011000000011111000000000011000000000111100000000000111000000011111000000000001100000000111110000000000011100000001111100000000001110000000111110000000000011000000011111100000000011000000000000000000000000000000000000000000000000000000000000000000000000000000000000000000
000000000000000000000000000000000000000000000000000000000000000000000000000000000000000000011000000111110000000000011000000000011111000000000111000000111110000000000001100000000001111000000000011100000011110000000000001110000000011111000000000011000000111111000000000011000000000000000000000000000000000000000000000000000000000000000000000000000000000000000000
000000000000000000000000000000000000000000000000000000000000000000000000000000000000000000011000000111110000000000011000000000011111000000000111000000111110000000000001100000000001111000000000011100000011110000000000001110000000011111000000000011000000111111000000000011000000000000000000000000000000000000000000000000000000000000000000000000000000000000000000
000000000000000000000000000000000000000000000000000000000000000000000000000000000000000000011000001111100000000000011000000000001111100000000111000011111000000000000001100000000000111110000000111100001111100000000000001110000000000111111000000011000001111100000000000011000000000000000000000000000000000000000000000000000000000000000000000000000000000000000000
000000000000000000000000000000000000000000000000000000000000000000000000000000000000000000011000011110000000000000011000000000000111110000000111000111110000000000000001100000000000011111000000110000011111000000000000001110000000000011111100000011000011111000000000000011000000000000000000000000000000000000000000000000000000000000000000000000000000000000000000
000000000000000000000000000000000000000000000000000000000000000000000000000000000000000000011001111100000000000000011000000000000011111100000111001111100000000000000001100000000000001111100000111100111110000000000000001110000000000000111110000011000111100000000000000011000000000000000000000000000000000000000000000000000000000000000000000000000000000000000000
000000000000000000000000000000000000000000000000000000000000000000000000000000000000000000011011111000000000000000011000000000000000111111000111011111000000000000000001100000000000000111110000011101111100000000000000001110000000000000011111000011011111000000000000000011000000000000000000000000000000000000000000000000000000000000000000000000000000000000000000
000000000000000000000000000000000000000000000000000000000000000000000000000000000000000000011111110000000000000000011100000000000000001111100111111100000000000000000001100000000000000001111000011111110000000000000000001110000000000000000111100011111110000000000000000011000000000000000000000000000000000000000000000000000000000000000000000000000000000000000000
000000000000000000000000000000000000000000000000000000000000000000000000000000000000000000011111110000000000000000011100000000000000001111100111111100000000000000000001100000000000000001111000011111110000000000000000001110000000000000000111100011111110000000000000000011000000000000000000000000000000000000000000000000000000000000000000000000000000000000000000
000000000000000000000000000000000000000000000000000000000000000000000000000000000000000000001111100000000000000000001100000000000000000111110111111000000000000000000001100000000000000000111110011111100000000000000000001110000000000000000011111011111100000000000000000011000000000000000000000000000000000000000000000000000000000000000000000000000000000000000000
000000000000000000000000000000000000000000000000000000000000000000000000000000000000000000111110000000000000000000001100000000000000000011111111110000000000000000000001110000000000000000011111011111000000000000000000001111000000000000000001111111111000000000000000000011000000000000000000000000000000000000000000000000000000000000000000000000000000000000000000
000000000000000000000000000000000000000000000000000000000000000000000000000000000000000000111100000000000000000000001111000000000000000000111011110000000000000000000111111000000000000000001111111100000000000000000000001111000000000000000000111101111000000000000000000011000000000000000000000000000000000000000000000000000000000000000000000000000000000000000000
000000000000000000000000000000000000000000000000000000000000000000000000000000000000000000000000000000000000000011101111100000000000000000011100000000000000000000000111111110000000000000000011111100000000000000000000000011100000000000000000011110000000000000000000000111000000000000000000000000000000000000000000000000000000000000000000000000000000000000000000
000000000000000000000000000000000000000000000000000000000000000000000000000000000000000000000000000000000000000111111111110000000000000000011100000000000000000000011111011111000000000000000001100000000000000000000011111111110000000000000000000110000000000000000000001111000000000000000000000000000000000000000000000000000000000000000000000000000000000000000000
000000000000000000000000000000000000000000000000000000000000000000000000000000000000000000000000000000000000000111111111110000000000000000011100000000000000000000011111011111000000000000000001100000000000000000000011111111110000000000000000000110000000000000000000011111000000000000000000000000000000000000000000000000000000000000000000000000000000000000000000
000000000000000000000000000000000000000000000000000000000000000000000000000000000000000000000000000000000000000111111011111000000000000000001100000000000000000000111111001111100000000000000001110000000000000000000011111101111100000000000000000110000000000000000000111110000000000000000000000000000000000000000000000000000000000000000000000000000000000000000000
000000000000000000000000000000000000000000000000000000000000000000000000000000000000000000000000000000000000011111011000111100000000000000001100000000000000000001111111000111110000000000000001110000000000000000001111011100111111000000000000000110000000000000000001111100000000000000000000000000000000000000000000000000000000000000000000000000000000000000000000
000000000000000000000000000000000000000000000000000000000000000000000000000000000000000000000000000000000001111111011000011111000000000000001100000000000000000111110111000001111000000000000001110000000000000000011111011100011111100000000000000110000000000000000011111000000000000000000000000000000000000000000000000000000000000000000000000000000000000000000000
000000000000000000000000000000000000000000000000000000000000000000000000000000000000000000000000000000000011111000011000001111110000000000001100000000000000001111100111000000111110000000000001110000000000000001111110011100000011110000000000000110000000000000000111100000000000000000000000000000000000000000000000000000000000000000000000000000000000000000000000
000000000000000000000000000000000000000000000000000000000000000000000000000000000000000000000000000000000111110000011000000111111000000000001100000000000000011111000111000000011111000000000001100000000000000011111100011100000001111000000000000110000000000000001111000000000000000000000000000000000000000000000000000000000000000000000000000000000000000000000000
000000000000000000000000000000000000000000000000000000000000000000000000000000000000000000000000000000000111110000011000000111111000000000001100000000000000011111000111000000011111000000000001100000000000000011111100011100000001111100000000000110000000000000011111000000000000000000000000000000000000000000000000000000000000000000000000000000000000000000000000
000000000000000000000000000000000000000000000000000000000000000000000000000000000000000000000000000000001111100000011000000000111100000000001100000000000000111110000111000000001111100000000001100000000000001111100000011100000000111110000000000110000000000000111110000000000000000000000000000000000000000000000000000000000000000000000000000000000000000000000000
000000000000000000000000000000000000000000000000000000000000000000000000000000000000000000000000000000011110000000011000000000011111000000001100000000000001111000000111000000000111110000000001100000000000011111000000011100000000011111000000000110000000000001111100000000000000000000000000000000000000000000000000000000000000000000000000000000000000000000000000
000000000000000000000000000000000000000000000000000000000000000000000000000000000000000000000000000001111100000000011000000000001111100000001100000000000111110000000111000000000001111000000001100000000000111110000000011100000000000111100000000110000000000011111000000000000000000000000000000000000000000000000000000000000000000000000000000000000000000000000000
000000000000000000000000000000000000000000000000000000000000000000000000000000000000000000000000000011111000000000011000000000000111110000001100000000001111100000000111000000000000111110000001100000000001111100000000011100000000000011111000000110000000000111100000000000000000000000000000000000000000000000000000000000000000000000000000000000000000000000000000
000000000000000000000000000000000000000000000000000000000000000000000000000000000000000000000000000011111000000000011000000000000111110000001100000000001111100000000111000000000000111110000001100000000001111000000000011100000000000011111000000110000000000111100000000000000000000000000000000000000000000000000000000000000000000000000000000000000000000000000000
000000000000000000000000000000000000000000000000000000000000000000000000000000000000000000000000000111110000000000011000000000000011111000001100000000011111000000000111000000000000011111000001100000000011110000000000011100000000000001111100000110000000011111000000000000000000000000000000000000000000000000000000000000000000000000000000000000000000000000000000
000000000000000000000000000000000000000000000000000000000000000000000000000000000000000000000000001111100000000000011000000000000000111100001100000000111110000000000111000000000000001111100001100000001111100000000000011100000000000000111110000110000000111110000000000000000000000000000000000000000000000000000000000000000000000000000000000000000000000000000000
000000000000000000000000000000000000000000000000000000000000000000000000000000000000000000000000011110000000000000011000000000000000011111001100000011111000000000000111000000000000000111110001100000011111000000000000011100000000000000011111000110000001111100000000000000000000000000000000000000000000000000000000000000000000000000000000000000000000000000000000
000000000000000000000000000000000000000000000000000000000000000000000000000000000000000000000001111100000000000000011000000000000000001111101100001111110000000000000111000000000000000001111111110000111110000000000000011100000000000000000111100110000011111000000000000000000000000000000000000000000000000000000000000000000000000000000000000000000000000000000000
000000000000000000000000000000000000000000000000000000000000000000000000000000000000000000000011111000000000000000011000000000000000000111111100011111100000000000000111000000000000000000111111110001111100000000000000011100000000000000000011111110000111100000000000000000000000000000000000000000000000000000000000000000000000000000000000000000000000000000000000
000000000000000000000000000000000000000000000000000000000000000000000000000000000000000000000011111000000000000000011000000000000000000111111100011111100000000000000111000000000000000000111111110001111100000000000000011100000000000000000011111110000111100000000000000000000000000000000000000000000000000000000000000000000000000000000000000000000000000000000000
000000000000000000000000000000000000000000000000000000000000000000000000000000000000000000000111110000000000000000011000000000000000000011111100111100000000000000000111000000000000000000001111100011110000000000000000011100000000000000000001111110111111000000000000000000000000000000000000000000000000000000000000000000000000000000000000000000000000000000000000
000000000000000000000000000000000000000000000000000000000000000000000000000000000000000000001111100000000000000000111000000000000000000000111100111000000000000000000111000000000000000000001111101111100000000000000000111100000000000000000000111110111110000000000000000111000000000000000000000000000000000000000000000000000000000000000000000000000000000000000000
000000000000000000000000000000000000000000000000000000000000000000000000000000000000000000111110000000000000000011111100000000000000000000000011110000000000000000001111000000000000000000000000011111000000000000000001111110000000000000000000000001111000000000000000000111100000000000000000000000000000000000000000000000000000000000000000000000000000000000000000
000000000000000000000000000000000000000000000000000000000000000000000000000000000000000000111100000000000000000111111111000000000000000000000111110000000000000000011111011000000000000000000000011110000000000000000011111111100000000000000000000011111000000000000000011111100000000000000000000000000000000000000000000000000000000000000000000000000000000000000000
000000000000000000000000000000000000000000000000000000000000000000000000000000000000000000111000000000000000001111101111100000000000000000000111100000000000000000111111111110000000000000000000011100000000000000001111101111100000000000000000000011100000000000000000111110000000000000000000000000000000000000000000000000000000000000000000000000000000000000000000
000000000000000000000000000000000000000000000000000000000000000000000000000000000000000000111000000000000000001111101111100000000000000000000111100000000000000000111111111110000000000000000000011100000000000000001111101111100000000000000000000011100000000000000000111110000000000000000000000000000000000000000000000000000000000000000000000000000000000000000000
000000000000000000000000000000000000000000000000000000000000000000000000000000000000000000011000000000000000011111001111110000000000000000000111000000000000000001111001111111000000000000000000011100000000000000011111001111110000000000000000000011000000000000000001111111000000000000000000000000000000000000000000000000000000000000000000000000000000000000000000
000000000000000000000000000000000000000000000000000000000000000000000000000000000000000000011000000000000001111100001111111000000000000000000111000000000000000111110001101111100000000000000000111100000000000000111110001111111100000000000000000011000000000000000011111011000000000000000000000000000000000000000000000000000000000000000000000000000000000000000000
000000000000000000000000000000000000000000000000000000000000000000000000000000000000000000011000000000000011111000001100111100000000000000000111000000000000001111100001100111110000000000000000110000000000000001111100001110111110000000000000000011000000000000000111100011000000000000000000000000000000000000000000000000000000000000000000000000000000000000000000
000000000000000000000000000000000000000000000000000000000000000000000000000000000000000000011000000000000111110000011100011111000000000000000111000000000000011111000001100001111000000000000000110000000000000011110000001110011111000000000000000011000000000000011111000011000000000000000000000000000000000000000000000000000000000000000000000000000000000000000000
000000000000000000000000000000000000000000000000000000000000000000000000000000000000000000011000000000001111100000011000001111100000000000000111000000000001111110000001100000111110000000000000110000000000001111100000001110001111100000000000000011000000000000111110000011000000000000000000000000000000000000000000000000000000000000000000000000000000000000000000
000000000000000000000000000000000000000000000000000000000000000000000000000000000000000000011000000000001111100000011000001111100000000000000111000000000001111110000001100000111110000000000000110000000000001111100000001110001111100000000000000011000000000000111110000011000000000000000000000000000000000000000000000000000000000000000000000000000000000000000000
000000000000000000000000000000000000000000000000000000000000000000000000000000000000000000011000000000011110000000011100000111110000000000000111000000000111111000000001100000011111000000000000110000000000011111000000001110000011111000000000000011000000000001111100000011000000000000000000000000000000000000000000000000000000000000000000000000000000000000000000
000000000000000000000000000000000000000000000000000000000000000000000000000000000000000000011000000001111100000000001100000011111000000000000111000000001111100000000001100000001111100000000000110000000000111110000000001110000001111100000000000011000000000111111000000011000000000000000000000000000000000000000000000000000000000000000000000000000000000000000000
000000000000000000000000000000000000000000000000000000000000000000000000000000000000000000011000000011111000000000011100000000111100000000000111000000011111000000000001100000000111110000000000110000000001111100000000001110000000111110000000000011000000011111000000000011000000000000000000000000000000000000000000000000000000000000000000000000000000000000000000
000000000000000000000000000000000000000000000000000000000000000000000000000000000000000000011000000111110000000000011000000000011111000000000111000000111110000000000001100000000001111000000000111100000011110000000000001110000000011111100000000011000000111110000000000011000000000000000000000000000000000000000000000000000000000000000000000000000000000000000000
000000000000000000000000000000000000000000000000000000000000000000000000000000000000000000011000001111100000000000011100000000001111100000000111000001111000000000000001100000000000111110000000111100001111100000000000001110000000000111111000000011000001111100000000000011000000000000000000000000000000000000000000000000000000000000000000000000000000000000000000
000000000000000000000000000000000000000000000000000000000000000000000000000000000000000000011000001111100000000000011100000000001111100000000111000011111000000000000001100000000000111110000000111100001111100000000000001110000000000111111000000011000001111100000000000011000000000000000000000000000000000000000000000000000000000000000000000000000000000000000000
000000000000000000000000000000000000000000000000000000000000000000000000000000000000000000011000011110000000000000001100000000000111111000000111000111110000000000000001100000000000011111000000110000011111000000000000001110000000000001111100000011000011111000000000000011000000000000000000000000000000000000000000000000000000000000000000000000000000000000000000
000000000000000000000000000000000000000000000000000000000000000000000000000000000000000000011001111100000000000000001100000000000000111100000111001111100000000000000001100000000000001111100000110000111110000000000000001110000000000000111110000011000111100000000000000011000000000000000000000000000000000000000000000000000000000000000000000000000000000000000000
000000000000000000000000000000000000000000000000000000000000000000000000000000000000000000011111111000000000000000001100000000000000011111000111011111000000000000000001100000000000000111110000110001111100000000000000001110000000000000011111000011011111000000000000000011000000000000000000000000000000000000000000000000000000000000000000000000000000000000000000
000000000000000000000000000000000000000000000000000000000000000000000000000000000000000000011111110000000000000000001100000000000000001111100111111100000000000000000001100000000000000001111000111111110000000000000000001110000000000000000111100011111110000000000000000011000000000000000000000000000000000000000000000000000000000000000000000000000000000000000000
000000000000000000000000000000000000000000000000000000000000000000000000000000000000000000001110000000000000000000001100000000000000000111110111111000000000000000000001100000000000000000111110011111100000000000000000001110000000000000000011111011111100000000000000000011000000000000000000000000000000000000000000000000000000000000000000000000000000000000000000
000000000000000000000000000000000000000000000000000000000000000000000000000000000000000000001110000000000000000000001100000000000000000111110111111000000000000000000001100000000000000000111110011111100000000000000000001110000000000000000011111011111100000000000000000011000000000000000000000000000000000000000000000000000000000000000000000000000000000000000000
000000000000000000000000000000000000000000000000000000000000000000000000000000000000000000111110000000000000000000001100000000000000000011111111110000000000000000000001110000000000000000011111011111000000000000000000001111000000000000000001111111111000000000000000000011000000000000000000000000000000000000000000000000000000000000000000000000000000000000000000
000000000000000000000000000000000000000000000000000000000000000000000000000000000000000000111100000000000000000000001111000000000000000000111000000000000000000000000111111000000000000000001111111100000000000000000000001111000000000000000000111101111000000000000000000011000000000000000000000000000000000000000000000000000000000000000000000000000000000000000000
000000000000000000000000000000000000000000000000000000000000000000000000000000000000000000000000000000000000000011101111100000000000000000011100000000000000000000000111111110000000000000000011111100000000000000000001100011100000000000000000011110000000000000000000000111100000000000000000000000000000000000000000000000000000000000000000000000000000000000000000
000000000000000000000000000000000000000000000000000000000000000000000000000000000000000000000000000000000000000111111111110000000000000000001100000000000000000000011111011111000000000000000001100000000000000000000011111111110000000000000000000110000000000000000000011111100000000000000000000000000000000000000000000000000000000000000000000000000000000000000000
000000000000000000000000000000000000000000000000000000000000000000000000000000000000000000000000000000000000000111111011110000000000000000001100000000000000000000011111001111000000000000000001100000000000000000000011111101110000000000000000000110000000000000000000011110000000000000000000000000000000000000000000000000000000000000000000000000000000000000000000
000000000000000000000000000000000000000000000000000000000000000000000000000000000000000000000000000000000000001111111011111000000000000000001100000000000000000000111111001111100000000000000001100000000000000000000011111101111110000000000000000110000000000000000000111110000000000000000000000000000000000000000000000000000000000000000000000000000000000000000000
000000000000000000000000000000000000000000000000000000000000000000000000000000000000000000000000000000000000011111011000111100000000000000001100000000000000000001111111000111110000000000000001110000000000000000001111011100111111000000000000000110000000000000000001111100000000000000000000000000000000000000000000000000000000000000000000000000000000000000000000
000000000000000000000000000000000000000000000000000000000000000000000000000000000000000000000000000000000001111100011000011111100000000000001100000000000000000111110111000001111000000000000001110000000000000000111111011100001111100000000000000110000000000000000011111000000000000000000000000000000000000000000000000000000000000000000000000000000000000000000000
000000000000000000000000000000000000000000000000000000000000000000000000000000000000000000000000000000000011111000011000000111110000000000001100000000000000001111100111000000111110000000000001100000000000000001111110011100000011110000000000000110000000000000000111100110000000000000000000000000000000000000000000000000000000000000000000000000000000000000000000
000000000000000000000000000000000000000000000000000000000000000000000000000000000000000000000000000000000111110000011000000011111000000000001100000000000000011111000111000000011111000000000001100000000000000011110000011100000001111100000000000110000000000000011111000110000000000000000000000000000000000000000000000000000000000000000000000000000000000000000000
000000000000000000000000000000000000000000000000000000000000000000000000000000000000000000000000000000000111110000011000000011111000000000001100000000000000011111000111000000011111000000000001100000000000000011110000011100000001111100000000000110000000000000011111000110000000000000000000000000000000000000000000000000000000000000000000000000000000000000000000
000000000000000000000000000000000000000000000000000000000000000000000000000000000000000000000000000000001111100000011000000000111100000000001100000000000000111110000111000000001111100000000001100000000000001111100000011100000000111110000000000110000000000000111110000110000000000000000000000000000000000000000000000000000000000000000000000000000000000000000000
000000000000000000000000000000000000000000000000000000000000000000000000000000000000000000000000000000011110000000011000000000011111000000001100000000000001111000000111000000000111110000000001110000000000011111000000011100000000011111000000000110000000000001111100000110000000000000000000000000000000000000000000000000000000000000000000000000000000000000000000
000000000000000000000000000000000000000000000000000000000000000000000000000000000000000000000000000001111100000000011000000000001111100000001100000000000111110000000111000000000001111000000001110000000000111110000000011100000000000111100000000110000000000011111000000110000000000000000000000000000000000000000000000000000000000000000000000000000000000000000000
000000000000000000000000000000000000000000000000000000000000000000000000000000000000000000000000000011111000000000011000000000000111110000001100000000001111100000000111000000000000111110000001110000000001111100000000011100000000000011111000000110000000000111100000000110000000000000000000000000000000000000000000000000000000000000000000000000000000000000000000
000000000000000000000000000000000000000000000000000000000000000000000000000000000000000000000000000111110000000000011000000000000011111000001100000000011111000000000111000000000000011111000001110000000011110000000000011100000000000001111100000110000000011111000000000110000000000000000000000000000000000000000000000000000000000000000000000000000000000000000000
000000000000000000000000000000000000000000000000000000000000000000000000000000000000000000000000000111110000000000011000000000000011111000001100000000011111000000000111000000000000011111000001110000000011110000000000011100000000000001111100000110000000011111000000000110000000000000000000000000000000000000000000000000000000000000000000000000000000000000000000
000000000000000000000000000000000000000000000000000000000000000000000000000000000000000000000000001111100000000000011000000000000000111100001100000011111110000000000111000000000000001111110001100000001111100000000000011100000000000000111110000110000000111110000000000110000000000000000000000000000000000000000000000000000000000000000000000000000000000000000000
000000000000000000000000000000000000000000000000000000000000000000000000000000000000000000000000011110000000000000011000000000000000011111001100000111111000000000000111000000000000000111111001100000011111000000000000011100000000000000011111000110000001111100000000000110000000000000000000000000000000000000000000000000000000000000000000000000000000000000000000
000000000000000000000000000000000000000000000000000000000000000000000000000000000000000000000001111100000000000000011000000000000000001111101100001111100000000000000111000000000000000000111111100000111110000000000000011100000000000000000111100110000111111000000000000110000000000000000000000000000000000000000000000000000000000000000000000000000000000000000000
000000000000000000000000000000000000000000000000000000000000000000000000000000000000000000000011111000000000000000011000000000000000000111111100011111000000000000000111000000000000000000011111100001111100000000000000011100000000000000000011111110011111100000000000000110000000000000000000000000000000000000000000000000000000000000000000000000000000000000000000
000000000000000000000000000000000000000000000000000000000000000000000000000000000000000000000111110000000000000000011000000000000000000011111100111100000000000000000111000000000000000000001111100011110000000000000000011100000000000000000001111110111110000000000000000110000000000000000000000000000000000000000000000000000000000000000000000000000000000000000000
000000000000000000000000000000000000000000000000000000000000000000000000000000000000000000000111110000000000000000011000000000000000000011111100111100000000000000000111000000000000000000001111100011110000000000000000011100000000000000000001111110111110000000000000000110000000000000000000000000000000000000000000000000000000000000000000000000000000000000000000
000000000000000000000000000000000000000000000000000000000000000000000000000000000000000000001111100000000000000000111000000000000000000000111111111000000000000000001111000000000000000000001111101111100000000000000000111100000000000000000000111111111100000000000000000111000000000000000000000000000000000000000000000000000000000000000000000000000000000000000000
000000000000000000000000000000000000000000000000000000000000000000000000000000000000000000111110000000000000000011110000000000000000000000000011110000000000000000001111000000000000000000000000011111000000000000000001111110000000000000000000000001111000000000000000000111100000000000000000000000000000000000000000000000000000000000000000000000000000000000000000
000000000000000000000000000000000000000000000000000000000000000000000000000000000000000000111100000000000000000111110111000000000000000000000111100000000000000000011110011000000000000000000000011110000000000000000011111111100000000000000000000011100000000000000000011111100000000000000000000000000000000000000000000000000000000000000000000000000000000000000000
000000000000000000000000000000000000000000000000000000000000000000000000000000000000000000111000000000000000001111101111100000000000000000000111000000000000000000111111111110000000000000000000011100000000000000001111101111100000000000000000000011100000000000000000111110000000000000000000000000000000000000000000000000000000000000000000000000000000000000000000
000000000000000000000000000000000000000000000000000000000000000000000000000000000000000000011000000000000000011111001111110000000000000000000111000000000000000001111001111111000000000000000000111100000000000000011111001111110000000000000000000011000000000000000001111111000000000000000000000000000000000000000000000000000000000000000000000000000000000000000000
000000000000000000000000000000000000000000000000000000000000000000000000000000000000000000011000000000000000011111001111110000000000000000000111000000000000000001111001111111000000000000000000111100000000000000011111001111110000000000000000000011000000000000000001111111000000000000000000000000000000000000000000000000000000000000000000000000000000000000000000
000000000000000000000000000000000000000000000000000000000000000000000000000000000000000000011000000000000001111100011111111000000000000000000111000000000000000111110001101111100000000000000000110000000000000000111110001111111100000000000000000011000000000000000011111011000000000000000000000000000000000000000000000000000000000000000000000000000000000000000000
000000000000000000000000000000000000000000000000000000000000000000000000000000000000000000011000000000000011111000011000111100000000000000000111000000000000011111100001100111110000000000000000110000000000000001111100001110111110000000000000000011000000000000000111100011000000000000000000000000000000000000000000000000000000000000000000000000000000000000000000
000000000000000000000000000000000000000000000000000000000000000000000000000000000000000000011000000000000111110000011000011111000000000000000111000000000000111111000001100001111000000000000000110000000000000011110000001110011111000000000000000011000000000000011111000011000000000000000000000000000000000000000000000000000000000000000000000000000000000000000000
000000000000000000000000000000000000000000000000000000000000000000000000000000000000000000011000000000001111100000011000001111100000000000000111000000000001111000000001100000111110000000000000110000000000001111100000001110001111100000000000000011000000000001111110000011000000000000000000000000000000000000000000000000000000000000000000000000000000000000000000
000000000000000000000000000000000000000000000000000000000000000000000000000000000000000000011000000000011110000000011000000111110000000000000111000000000111110000000001100000011111000000000000110000000000011111000000001110000011110000000000000011000000000011111100000011000000000000000000000000000000000000000000000000000000000000000000000000000000000000000000
000000000000000000000000000000000000000000000000000000000000000000000000000000000000000000011000000000011110000000011000000111110000000000000111000000000111110000000001100000011111000000000000110000000000011111000000001110000011111000000000000011000000000011111100000011000000000000000000000000000000000000000000000000000000000000000000000000000000000000000000
000000000000000000000000000000000000000000000000000000000000000000000000000000000000000000011000000001111100000000011000000011111000000000000111000000001111100000000001100000001111100000000000110000000000111110000000001110000001111110000000000011000000000111100000000011000000000000000000000000000000000000000000000000000000000000000000000000000000000000000000
000000000000000000000000000000000000000000000000000000000000000000000000000000000000000000011000000011111000000000011000000000111100000000000111000000011111000000000001100000000111110000000000110000000001111100000000001110000000111111000000000011000000011111000000000011000000000000000000000000000000000000000000000000000000000000000000000000000000000000000000
000000000000000000000000000000000000000000000000000000000000000000000000000000000000000000011000000111110000000000011000000000011111100000000111000000111110000000000001100000000001111000000000110000000011110000000000001110000000000111100000000011000000111110000000000011000000000000000000000000000000000000000000000000000000000000000000000000000000000000000000
000000000000000000000000000000000000000000000000000000000000000000000000000000000000000000011000001111100000000000011000000000001111110000000111000001111000000000000001100000000000111110000000110000001111100000000000001110000000000011111000000011000001111100000000000011000000000000000000000000000000000000000000000000000000000000000000000000000000000000000000
000000000000000000000000000000000000000000000000000000000000000000000000000000000000000000011000011110000000000000011000000000000011111000000111000111110000000000000001100000000000011111000000110000011111000000000000001110000000000001111100000011000011111000000000000011000000000000000000000000000000000000000000000000000000000000000000000000000000000000000000
000000000000000000000000000000000000000000000000000000000000000000000000000000000000000000011000011110000000000000011000000000000011111000000111000111110000000000000001100000000000011111000000110000011111000000000000001110000000000001111100000011000011111000000000000011000000000000000000000000000000000000000000000000000000000000000000000000000000000000000000
000000000000000000000000000000000000000000000000000000000000000000000000000000000000000000011011111100000000000000011100000000000000111100000111001111100000000000000001100000000000001111100000110000111110000000000000001110000000000000111110000011000111100000000000000011000000000000000000000000000000000000000000000000000000000000000000000000000000000000000000
000000000000000000000000000000000000000000000000000000000000000000000000000000000000000000011111111000000000000000001100000000000000011111000111011111000000000000000001100000000000000111110000111101111100000000000000001110000000000000011111000011011111000000000000000011000000000000000000000000000000000000000000000000000000000000000000000000000000000000000000
000000000000000000000000000000000000000000000000000000000000000000000000000000000000000000011111100000000000000000001100000000000000001111100111111100000000000000000001100000000000000001111000011111110000000000000000001110000000000000000111100011111110000000000000000011000000000000000000000000000000000000000000000000000000000000000000000000000000000000000000
000000000000000000000000000000000000000000000000000000000000000000000000000000000000000000001110000000000000000000001100000000000000000111110111111000000000000000000001100000000000000000111110011111100000000000000000001110000000000000000011111011111100000000000000000011000000000000000000000000000000000000000000000000000000000000000000000000000000000000000000
000000000000000000000000000000000000000000000000000000000000000000000000000000000000000000001110000000000000000000001100000000000000000011110111110000000000000000000001100000000000000000011110011111000000000000000000001110000000000000000001111011111000000000000000000011000000000000000000000000000000000000000000000000000000000000000000000000000000000000000000
000000000000000000000000000000000000000000000000000000000000000000000000000000000000000000111110000000000000000000001111000000000000000011111111110000000000000000000001110000000000000000011111011111000000000000000000001111000000000000000001111111111000000000000000000011000000000000000000000000000000000000000000000000000000000000000000000000000000000000000000
000000000000000000000000000000000000000000000000000000000000000000000000000000000000000000111100000000000000000000001111000000000000000000111000000000000000000000000111111000000000000000001111111100000000000000000000001111100000000000000000111110000000000000000000000011000000000000000000000000000000000000000000000000000000000000000000000000000000000000000000
000000000000000000000000000000000000000000000000000000000000000000000000000000000000000000000000000000000000000011100111100000000000000000011100000000000000000000000111111110000000000000000011111100000000000000000001100011110000000000000000011110000000000000000000000111100000000000000000000000000000000000000000000000000000000000000000000000000000000000000000
000000000000000000000000000000000000000000000000000000000000000000000000000000000000000000000000000000000000000111111111110000000000000000001100000000000000000000011111011111000000000000000001100000000000000000000011111101111100000000000000000110000000000000000000011111100000000000000000000000000000000000000000000000000000000000000000000000000000000000000000
000000000000000000000000000000000000000000000000000000000000000000000000000000000000000000000000000000000000001111111011111100000000000000001100000000000000000000111111001111100000000000000001100000000000000000001111111100111110000000000000000110000000000000000000111110000000000000000000000000000000000000000000000000000000000000000000000000000000000000000000
000000000000000000000000000000000000000000000000000000000000000000000000000000000000000000000000000000000000001111111011111100000000000000001100000000000000000000111111001111100000000000000001100000000000000000001111111100111110000000000000000110000000000000000000111110000000000000000000000000000000000000000000000000000000000000000000000000000000000000000000
000000000000000000000000000000000000000000000000000000000000000000000000000000000000000000000000000000000000011111011000111111000000000000001100000000000000000001111111000111110000000000000001100000000000000000011111011100011111000000000000000110000000000000000001111100000000000000000000000000000000000000000000000000000000000000000000000000000000000000000000
000000000000000000000000000000000000000000000000000000000000000000000000000000000000000000000000000000000001111100011000001111100000000000001100000000000000000111110111000001111000000000000001100000000000000000111110011100001111100000000000000110000000000000000011111000000000000000000000000000000000000000000000000000000000000000000000000000000000000000000000
000000000000000000000000000000000000000000000000000000000000000000000000000000000000000000000000000000000011111000011000000111110000000000001100000000000000001111100111000000111110000000000001100000000000000001111100011100000011110000000000000110000000000000000111100000000000000000000000000000000000000000000000000000000000000000000000000000000000000000000000
000000000000000000000000000000000000000000000000000000000000000000000000000000000000000000000000000000000111110000011000000011111000000000001100000000000000011111000111000000011111000000000001100000000000000011110000011100000001111100000000000110000000000000011111000000000000000000000000000000000000000000000000000000000000000000000000000000000000000000000000
000000000000000000000000000000000000000000000000000000000000000000000000000000000000000000000000000000001111100000011000000000111100000000001100000000000000111110000111000000001111100000000001100000000000001111100000011100000000111110000000000110000000000000111110000000000000000000000000000000000000000000000000000000000000000000000000000000000000000000000000
000000000000000000000000000000000000000000000000000000000000000000000000000000000000000000000000000000001111100000011000000000111100000000001100000000000000111110000111000000001111100000000001100000000000001111100000011100000000111110000000000110000000000000111110000000000000000000000000000000000000000000000000000000000000000000000000000000000000000000000000
000000000000000000000000000000000000000000000000000000000000000000000000000000000000000000000000000000011110000000011000000000011111000000001100000000000001111000000111000000000111110000000001100000000000011111000000011100000000011111000000000110000000000001111100000000000000000000000000000000000000000000000000000000000000000000000000000000000000000000000000
000000000000000000000000000000000000000000000000000000000000000000000000000000000000000000000000000001111100000000011000000000001111100000001100000000000111110000000111000000000001111000000001100000000000111110000000011100000000000111100000000110000000000011111000000000000000000000000000000000000000000000000000000000000000000000000000000000000000000000000000
000000000000000000000000000000000000000000000000000000000000000000000000000000000000000000000000000011111000000000011000000000000111110000001100000000001111100000000111000000000000111110000001100000000001111100000000011100000000000011111000000110000000000111100000000000000000000000000000000000000000000000000000000000000000000000000000000000000000000000000000
000000000000000000000000000000000000000000000000000000000000000000000000000000000000000000000000000111110000000000011000000000000011111000001100000000111111000000000111000000000000011111100001110000000011110000000000011100000000000001111100000110000000011111000000000000000000000000000000000000000000000000000000000000000000000000000000000000000000000000000000
000000000000000000000000000000000000000000000000000000000000000000000000000000000000000000000000001111100000000000011000000000000000111100001100000001111110000000000111000000000000001111110000110000001111100000000000011100000000000000111110000110000000111110000000000000000000000000000000000000000000000000000000000000000000000000000000000000000000000000000000
000000000000000000000000000000000000000000000000000000000000000000000000000000000000000000000000001111100000000000011000000000000000111100001100000011111100000000000111000000000000001111110000110000001111100000000000011100000000000000111110000110000000111110000000000000000000000000000000000000000000000000000000000000000000000000000000000000000000000000000000
000000000000000000000000000000000000000000000000000000000000000000000000000000000000000000000000011110000000000000011000000000000000011111001100000111110000000000000111000000000000000001111001110000011111000000000000011100000000000000011111000110000011111100000000000000000000000000000000000000000000000000000000000000000000000000000000000000000000000000000000
000000000000000000000000000000000000000000000000000000000000000000000000000000000000000000000001111100000000000000011000000000000000001111101100001111100000000000000111000000000000000000111111100000111110000000000000011100000000000000000111100110000111111000000000000000000000000000000000000000000000000000000000000000000000000000000000000000000000000000000000
000000000000000000000000000000000000000000000000000000000000000000000000000000000000000000000011111000000000000000011000000000000000000111111100011111000000000000000111000000000000000000011111100001111100000000000000011100000000000000000011111110011111000000000000000000000000000000000000000000000000000000000000000000000000000000000000000000000000000000000000
000000000000000000000000000000000000000000000000000000000000000000000000000000000000000000000111110000000000000000011000000000000000000011111100111100000000000000000111000000000000000000001111100011110000000000000000011100000000000000000001111110111110000000000000000000000000000000000000000000000000000000000000000000000000000000000000000000000000000000000000
000000000000000000000000000000000000000000000000000000000000000000000000000000000000000000001111100000000000000000111000000000000000000000111111111000000000000000001111000000000000000000001111001111100000000000000000111100000000000000000000111111111100000000000000000111000000000000000000000000000000000000000000000000000000000000000000000000000000000000000000
000000000000000000000000000000000000000000000000000000000000000000000000000000000000000000001111100000000000000000111000000000000000000000111111111000000000000000001111000000000000000000001111001111100000000000000000111100000000000000000000111111111100000000000000000111000000000000000000000000000000000000000000000000000000000000000000000000000000000000000000
000000000000000000000000000000000000000000000000000000000000000000000000000000000000000000111110000000000000000011110000000000000000000000000011110000000000000000001111000000000000000000000000011111000000000000000001110000000000000000000000000001111000000000000000000111100000000000000000000000000000000000000000000000000000000000000000000000000000000000000000
000000000000000000000000000000000000000000000000000000000000000000000000000000000000000000111100000000000000000111110111000000000000000000000111100000000000000000011110011000000000000000000000011110000000000000000011110011100000000000000000000011100000000000000000011111100000000000000000000000000000000000000000000000000000000000000000000000000000000000000000
000000000000000000000000000000000000000000000000000000000000000000000000000000000000000000111000000000000000001111101111100000000000000000000111000000000000000000111111111110000000000000000000011100000000000000001111101111100000000000000000000011100000000000000000111111000000000000000000000000000000000000000000000000000000000000000000000000000000000000000000
000000000000000000000000000000000000000000000000000000000000000000000000000000000000000000011000000000000000011111001111110000000000000000000111000000000000000001111001111111000000000000000000011100000000000000011111001111110000000000000000000011000000000000000001111111000000000000000000000000000000000000000000000000000000000000000000000000000000000000000000
000000000000000000000000000000000000000000000000000000000000000000000000000000000000000000011000000000000000111100001111111000000000000000000111000000000000001111110001101111100000000000000000111100000000000000111110001111111100000000000000000011000000000000000011111011000000000000000000000000000000000000000000000000000000000000000000000000000000000000000000
000000000000000000000000000000000000000000000000000000000000000000000000000000000000000000011000000000000001111100001111111000000000000000000111000000000000001111110001101111100000000000000000111100000000000000111110001111111100000000000000000011000000000000000011111011000000000000000000000000000000000000000000000000000000000000000000000000000000000000000000
000000000000000000000000000000000000000000000000000000000000000000000000000000000000000000011000000000000011111000011100111100000000000000000111000000000000011111100001100111110000000000000000111100000000000001111100001110111110000000000000000011000000000000000111100011000000000000000000000000000000000000000000000000000000000000000000000000000000000000000000
000000000000000000000000000000000000000000000000000000000000000000000000000000000000000000011000000000000111110000011000011111000000000000000111000000000000111110000001100001111000000000000000011100000000000011110000001110011111000000000000000011000000000000111111000011000000000000000000000000000000000000000000000000000000000000000000000000000000000000000000
000000000000000000000000000000000000000000000000000000000000000000000000000000000000000000011000000000001111100000011000001111100000000000000111000000000001111000000001100000111110000000000000011100000000001111100000001110001111100000000000000011000000000001111110000011000000000000000000000000000000000000000000000000000000000000000000000000000000000000000000
000000000000000000000000000000000000000000000000000000000000000000000000000000000000000000011000000000011110000000011000000111110000000000000111000000000111110000000001100000011111000000000000111100000000011111000000001110000011111100000000000011000000000011111000000011000000000000000000000000000000000000000000000000000000000000000000000000000000000000000000
000000000000000000000000000000000000000000000000000000000000000000000000000000000000000000011000000000111100000000011000000011111000000000000111000000001111100000000001100000001111100000000000110000000000111110000000001110000001111110000000000011000000000111100000000011000000000000000000000000000000000000000000000000000000000000000000000000000000000000000000
000000000000000000000000000000000000000000000000000000000000000000000000000000000000000000011000000001111100000000011000000011111000000000000111000000001111100000000001100000001111100000000000110000000000111110000000001110000001111110000000000011000000000111100000000011000000000000000000000000000000000000000000000000000000000000000000000000000000000000000000
000000000000000000000000000000000000000000000000000000000000000000000000000000000000000000011000000011111000000000011000000000111111000000000111000000011111000000000001100000000111110000000000110000000001111100000000001110000000011111000000000011000000011111000000000011000000000000000000000000000000000000000000000000000000000000000000000000000000000000000000
000000000000000000000000000000000000000000000000000000000000000000000000000000000000000000011000000111110000000000011000000000001111100000000111000000111110000000000001100000000001111000000000110000000011110000000000001110000000000111100000000011000000111110000000000011000000000000000000000000000000000000000000000000000000000000000000000000000000000000000000
000000000000000000000000000000000000000000000000000000000000000000000000000000000000000000011000001111100000000000011000000000000111110000000111000011111000000000000001100000000000111110000000110000001111100000000000001110000000000011111000000011000001111100000000000011000000000000000000000000000000000000000000000000000000000000000000000000000000000000000000
000000000000000000000000000000000000000000000000000000000000000000000000000000000000000000011001111110000000000000011000000000000011111000000111000111110000000000000001100000000000011111000000110000011111000000000000001110000000000001111100000011000011111000000000000011000000000000000000000000000000000000000000000000000000000000000000000000000000000000000000
000000000000000000000000000000000000000000000000000000000000000000000000000000000000000000011001111110000000000000011000000000000001111000000111000111110000000000000001100000000000011111000000110000011111000000000000001110000000000001111100000011000011110000000000000011000000000000000000000000000000000000000000000000000000000000000000000000000000000000000000
000000000000000000000000000000000000000000000000000000000000000000000000000000000000000000011011111000000000000000011000000000000000111100000111001111100000000000000001100000000000001111100000110001111110000000000000001110000000000000111110000011000111100000000000000011000000000000000000000000000000000000000000000000000000000000000000000000000000000000000000
000000000000000000000000000000000000000000000000000000000000000000000000000000000000000000011111110000000000000000011000000000000000011111000111011111000000000000000001100000000000000111110000110011111100000000000000001110000000000000011111000011011111000000000000000011000000000000000000000000000000000000000000000000000000000000000000000000000000000000000000
000000000000000000000000000000000000000000000000000000000000000000000000000000000000000000011111100000000000000000011100000000000000001111100111111100000000000000000001100000000000000001111000111111100000000000000000001110000000000000000111100011111110000000000000000011000000000000000000000000000000000000000000000000000000000000000000000000000000000000000000
000000000000000000000000000000000000000000000000000000000000000000000000000000000000000000111110000000000000000000001100000000000000000111110111111000000000000000000001100000000000000000111110011111000000000000000000001110000000000000000011111011111100000000000000000011000000000000000000000000000000000000000000000000000000000000000000000000000000000000000000
000000000000000000000000000000000000000000000000000000000000000000000000000000000000000000111110000000000000000000001111000000000000000011111111110000000000000000000001110000000000000000011111001111000000000000000000001111000000000000000001111111111000000000000000000011000000000000000000000000000000000000000000000000000000000000000000000000000000000000000000
000000000000000000000000000000000000000000000000000000000000000000000000000000000000000000111110000000000000000000001111000000000000000001111111110000000000000000000001110000000000000000011111001111000000000000000000001111000000000000000001111111111000000000000000000011000000000000000000000000000000000000000000000000000000000000000000000000000000000000000000
000000000000000000000000000000000000000000000000000000000000000000000000000000000000000000011100000000000000000000001111000000000000000000111000000000000000000000000000111000000000000000001111111100000000000000000000001111100000000000000000111110000000000000000000000011000000000000000000000000000000000000000000000000000000000000000000000000000000000000000000
000000000000000000000000000000000000000000000000000000000000000000000000000000000000000000000000000000000000000011100111110000000000000000011100000000000000000000001110111110000000000000000011111100000000000000000001100011110000000000000000011110000000000000000000000111100000000000000000000000000000000000000000000000000000000000000000000000000000000000000000
000000000000000000000000000000000000000000000000000000000000000000000000000000000000000000000000000000000000000111111111111000000000000000001100000000000000000000011111011111000000000000000001100000000000000000000011111101111100000000000000000110000000000000000000011111100000000000000000000000000000000000000000000000000000000000000000000000000000000000000000
000000000000000000000000000000000000000000000000000000000000000000000000000000000000000000000000000000000000001111111000111100000000000000001100000000000000000000111111001111100000000000000001100000000000000000001111111100111110000000000000000110000000000000000000111110000000000000000000000000000000000000000000000000000000000000000000000000000000000000000000
000000000000000000000000000000000000000000000000000000000000000000000000000000000000000000000000000000000000011111011000011111000000000000001100000000000000000001111111000111110000000000000001100000000000000000011111011100011111000000000000000110000000000000000001111110000000000000000000000000000000000000000000000000000000000000000000000000000000000000000000
000000000000000000000000000000000000000000000000000000000000000000000000000000000000000000000000000000000000011110011000011111000000000000001100000000000000000001111111000111110000000000000001100000000000000000011111011100011111000000000000000110000000000000000001111110000000000000000000000000000000000000000000000000000000000000000000000000000000000000000000
000000000000000000000000000000000000000000000000000000000000000000000000000000000000000000000000000000000001111100011000001111100000000000001100000000000000000111110111000001111000000000000001100000000000000000111110011100001111100000000000000110000000000000000011111110000000000000000000000000000000000000000000000000000000000000000000000000000000000000000000
000000000000000000000000000000000000000000000000000000000000000000000000000000000000000000000000000000000011111000011000000111110000000000001100000000000000001111100111000000111110000000000001100000000000000001111100011100000011111000000000000110000000000000000111100110000000000000000000000000000000000000000000000000000000000000000000000000000000000000000000
000000000000000000000000000000000000000000000000000000000000000000000000000000000000000000000000000000000111110000011000000011111000000000001100000000000000011111000111000000011111000000000001100000000000000011110000011100000001111100000000000110000000000000011111000110000000000000000000000000000000000000000000000000000000000000000000000000000000000000000000
000000000000000000000000000000000000000000000000000000000000000000000000000000000000000000000000000000001111100000011000000000111100000000001100000000000000111110000111000000001111100000000001100000000000001111100000011100000000111110000000000110000000000000111110000110000000000000000000000000000000000000000000000000000000000000000000000000000000000000000000
000000000000000000000000000000000000000000000000000000000000000000000000000000000000000000000000000000011110000000011000000000011111000000001100000000000001111000000111000000000111110000000001100000000000011111000000011100000000011111000000000110000000000001111100000110000000000000000000000000000000000000000000000000000000000000000000000000000000000000000000
000000000000000000000000000000000000000000000000000000000000000000000000000000000000000000000000000000011110000000011000000000011111000000001100000000000001111000000111000000000111110000000001100000000000011111000000011100000000011111000000000110000000000001111100000110000000000000000000000000000000000000000000000000000000000000000000000000000000000000000000
000000000000000000000000000000000000000000000000000000000000000000000000000000000000000000000000000001111100000000011000000000001111100000001100000000001111110000000111000000000001111110000001100000000000111110000000011100000000000111100000000110000000000011111000000110000000000000000000000000000000000000000000000000000000000000000000000000000000000000000000
000000000000000000000000000000000000000000000000000000000000000000000000000000000000000000000000000011111000000000011000000000000111110000001100000000011111100000000111000000000000111111000001100000000001111100000000011100000000000011111000000110000000000111100000000110000000000000000000000000000000000000000000000000000000000000000000000000000000000000000000
000000000000000000000000000000000000000000000000000000000000000000000000000000000000000000000000000111110000000000011000000000000011111000001100000000111110000000000111000000000000001111100001100000000011110000000000011100000000000001111100000110000000111111000000000110000000000000000000000000000000000000000000000000000000000000000000000000000000000000000000
000000000000000000000000000000000000000000000000000000000000000000000000000000000000000000000000001111100000000000011000000000000000111100001100000011111000000000000111000000000000000111110001100000001111100000000000011100000000000000111110000110000001111110000000000110000000000000000000000000000000000000000000000000000000000000000000000000000000000000000000
000000000000000000000000000000000000000000000000000000000000000000000000000000000000000000000000011110000000000000011000000000000000011111001100000111110000000000000111000000000000000001111001100000011111000000000000011100000000000000011111000110000011111000000000000110000000000000000000000000000000000000000000000000000000000000000000000000000000000000000000
000000000000000000000000000000000000000000000000000000000000000000000000000000000000000000000000011110000000000000011000000000000000011111001100000111110000000000000111000000000000000001111001100000011111000000000000011100000000000000011111000110000011111000000000000110000000000000000000000000000000000000000000000000000000000000000000000000000000000000000000
000000000000000000000000000000000000000000000000000000000000000000000000000000000000000000000001111100000000000000011000000000000000001111101100001111100000000000000111000000000000000000111111110000111110000000000000011100000000000000000111100110000111100000000000000110000000000000000000000000000000000000000000000000000000000000000000000000000000000000000000
000000000000000000000000000000000000000000000000000000000000000000000000000000000000000000000011111000000000000000011000000000000000000111111100011111000000000000000111000000000000000000011111110001111100000000000000011100000000000000000011111110011111000000000000000110000000000000000000000000000000000000000000000000000000000000000000000000000000000000000000
000000000000000000000000000000000000000000000000000000000000000000000000000000000000000000000111110000000000000000011000000000000000000011111100111100000000000000000111000000000000000000001111100011110000000000000000011100000000000000000001111110111110000000000000000110000000000000000000000000000000000000000000000000000000000000000000000000000000000000000000
000000000000000000000000000000000000000000000000000000000000000000000000000000000000000000001111100000000000000000111000000000000000000000111111111000000000000000001111000000000000000000000111001111100000000000000000111100000000000000000000111111111100000000000000000111000000000000000000000000000000000000000000000000000000000000000000000000000000000000000000
000000000000000000000000000000000000000000000000000000000000000000000000000000000000000000111110000000000000000011110000000000000000000000000011110000000000000000001111000000000000000000000000011111000000000000000001110000000000000000000000000001111000000000000000001111100000000000000000000000000000000000000000000000000000000000000000000000000000000000000000
000000000000000000000000000000000000000000000000000000000000000000000000000000000000000000111110000000000000000011110000000000000000000000000011110000000000000000001111000000000000000000000000011111000000000000000001110000000000000000000000000001111000000000000000011111100000000000000000000000000000000000000000000000000000000000000000000000000000000000000000
000000000000000000000000000000000000000000000000000000000000000000000000000000000000000000111100000000000000000111110111000000000000000000000111100000000000000000011110011000000000000000000000011110000000000000000011111111100000000000000000000011100000000000000000011111100000000000000000000000000000000000000000000000000000000000000000000000000000000000000000
000000000000000000000000000000000000000000000000000000000000000000000000000000000000000000111000000000000000001111101111100000000000000000000111000000000000000001111111111110000000000000000000011100000000000000001111101111100000000000000000000011000000000000000000111111000000000000000000000000000000000000000000000000000000000000000000000000000000000000000000
000000000000000000000000000000000000000000000000000000000000000000000000000000000000000000011000000000000000011111001111110000000000000000000111000000000000000111111001111111000000000000000000111100000000000000011111001111110000000000000000000011000000000000000001111111000000000000000000000000000000000000000000000000000000000000000000000000000000000000000000
000000000000000000000000000000000000000000000000000000000000000000000000000000000000000000011000000000000001111100001111111000000000000000000111000000000000001111100001101111100000000000000000110000000000000000111110001111111100000000000000000011000000000000000111111011000000000000000000000000000000000000000000000000000000000000000000000000000000000000000000
000000000000000000000000000000000000000000000000000000000000000000000000000000000000000000011000000000000011111000011100111100000000000000000111000000000000011111000001100111110000000000000000110000000000000001111100001110111110000000000000000011000000000000001111100011000000000000000000000000000000000000000000000000000000000000000000000000000000000000000000
000000000000000000000000000000000000000000000000000000000000000000000000000000000000000000011000000000000011111000011100111100000000000000000111000000000000011111000001100111110000000000000000110000000000000001111100001110111110000000000000000011000000000000011111100011000000000000000000000000000000000000000000000000000000000000000000000000000000000000000000
000000000000000000000000000000000000000000000000000000000000000000000000000000000000000000011000000000000111110000011000011111000000000000000111000000000000111110000001100001111000000000000000110000000000000011110000001110011111100000000000000011000000000000111110000011000000000000000000000000000000000000000000000000000000000000000000000000000000000000000000
000000000000000000000000000000000000000000000000000000000000000000000000000000000000000000011000000000001111100000011000001111100000000000000111000000000001111000000001100000111110000000000000110000000000001111100000001110001111110000000000000011000000000001111100000011000000000000000000000000000000000000000000000000000000000000000000000000000000000000000000
000000000000000000000000000000000000000000000000000000000000000000000000000000000000000000011000000000011110000000011000000111111000000000000111000000000111110000000001100000011111000000000000110000000000011111000000001110000001111100000000000011000000000011111000000011000000000000000000000000000000000000000000000000000000000000000000000000000000000000000000
000000000000000000000000000000000000000000000000000000000000000000000000000000000000000000011000000001111100000000011000000011111100000000000111000000001111100000000001100000001111100000000000110000000000111110000000001110000000111110000000000011000000000111100000000011000000000000000000000000000000000000000000000000000000000000000000000000000000000000000000
000000000000000000000000000000000000000000000000000000000000000000000000000000000000000000011000000001111100000000011000000001111100000000000111000000001111100000000001100000001111100000000000110000000000111110000000001110000000111110000000000011000000000111100000000011000000000000000000000000000000000000000000000000000000000000000000000000000000000000000000
000000000000000000000000000000000000000000000000000000000000000000000000000000000000000000011000000011111000000000011000000000011111000000000111000000011111000000000001100000000111110000000000110000000001111100000000001110000000011111000000000011000000011111000000000011000000000000000000000000000000000000000000000000000000000000000000000000000000000000000000
000000000000000000000000000000000000000000000000000000000000000000000000000000000000000000011000001111110000000000011000000000001111100000000111000000111110000000000001100000000001111000000000110000000011110000000000001110000000000111100000000011000000111110000000000011000000000000000000000000000000000000000000000000000000000000000000000000000000000000000000
000000000000000000000000000000000000000000000000000000000000000000000000000000000000000000011000011111100000000000011000000000000111110000000111000011111000000000000001100000000000111110000000111100001111100000000000001110000000000011111000000011000001111100000000000011000000000000000000000000000000000000000000000000000000000000000000000000000000000000000000
000000000000000000000000000000000000000000000000000000000000000000000000000000000000000000011001111100000000000000011000000000000011111000000111000111110000000000000001100000000000011111000000011100111111000000000000001110000000000001111100000011000011111000000000000011000000000000000000000000000000000000000000000000000000000000000000000000000000000000000000
000000000000000000000000000000000000000000000000000000000000000000000000000000000000000000011011111000000000000000011000000000000000111100000111001111100000000000000001100000000000001111100000011101111110000000000000001110000000000000111110000011000111100000000000000011000000000000000000000000000000000000000000000000000000000000000000000000000000000000000000
000000000000000000000000000000000000000000000000000000000000000000000000000000000000000000011011111000000000000000011000000000000000111100000111001111100000000000000001100000000000001111100000011101111110000000000000001110000000000000111110000011000111100000000000000011000000000000000000000000000000000000000000000000000000000000000000000000000000000000000000
000000000000000000000000000000000000000000000000000000000000000000000000000000000000000000011111110000000000000000011000000000000000011111000111011111000000000000000001100000000000000111110000111111110000000000000000001110000000000000011111000011011111000000000000000011000000000000000000000000000000000000000000000000000000000000000000000000000000000000000000
000000000000000000000000000000000000000000000000000000000000000000000000000000000000000000011111100000000000000000011100000000000000001111100111111100000000000000000001100000000000000001111000111111100000000000000000001110000000000000000111100011111110000000000000000011000000000000000000000000000000000000000000000000000000000000000000000000000000000000000000
000000000000000000000000000000000000000000000000000000000000000000000000000000000000000000011110000000000000000000001100000000000000000111110111111000000000000000000001100000000000000000111111011111000000000000000000001110000000000000000011111011111100000000000000000011000000000000000000000000000000000000000000000000000000000000000000000000000000000000000000
000000000000000000000000000000000000000000000000000000000000000000000000000000000000000000111100000000000000000000001111000000000000000011111111110000000000000000000001110000000000000000011111011111000000000000000000001111000000000000000001111111111000000000000000000011000000000000000000000000000000000000000000000000000000000000000000000000000000000000000000
000000000000000000000000000000000000000000000000000000000000000000000000000000000000000000110000000000000000000000001111100000000000000000111100000000000000000000000000111000000000000000000111111100000000000000000000001111100000000000000000111111100000000000000000000011000000000000000000000000000000000000000000000000000000000000000000000000000000000000000000
000000000000000000000000000000000000000000000000000000000000000000000000000000000000000000110000000000000000000000001111100000000000000000111100000000000000000000000000111000000000000000000111111100000000000000000000001111100000000000000000111111100000000000000000000011000000000000000000000000000000000000000000000000000000000000000000000000000000000000000000
000000000000000000000000000000000000000000000000000000000000000000000000000000000000000000000000000000000000000011100111110000000000000000011100000000000000000000011110111110000000000000000011111100000000000000000001100011110000000000000000011111100000000000000000000111100000000000000000000000000000000000000000000000000000000000000000000000000000000000000000
000000000000000000000000000000000000000000000000000000000000000000000000000000000000000000000000000000000000000111111011111000000000000000001100000000000000000000011111011111000000000000000001100000000000000000000011111101111100000000000000000110000000000000000000011111100000000000000000000000000000000000000000000000000000000000000000000000000000000000000000
000000000000000000000000000000000000000000000000000000000000000000000000000000000000000000000000000000000000001111111000111100000000000000001100000000000000000000111111001111100000000000000001100000000000000000001111111100111110000000000000000110000000000000000000111110000000000000000000000000000000000000000000000000000000000000000000000000000000000000000000
000000000000000000000000000000000000000000000000000000000000000000000000000000000000000000000000000000000000001111011000011100000000000000001100000000000000000000111111000111100000000000000001100000000000000000001111011100011110000000000000000110000000000000000000111100000000000000000000000000000000000000000000000000000000000000000000000000000000000000000000
000000000000000000000000000000000000000000000000000000000000000000000000000000000000000000000000000000000000001100011000011000000000000000001100000000000000000000110111000001100000000000000001100000000000000000000011011100001110000000000000000110000000000000000000111000000000000000000000000000000000000000000000000000000000000000000000000000000000000000000000
