000000000000000000000000000000000000000000000000000000000000000000000001111111111111111111111111111111111111111111111111111111111111111111111111111111111111111111111111111111111111111111111111111111111111111111111111111111111111111111111111111111111111111111111111111111111111111111111111110000000000000000000000000000000000000000000000000000000000000000000000
000000000000000000000000000000000000000000000000000000000000000000000011000000000000000000000000000000000000000000000000000000000000000000000000000000000000000000000000000000000000000000000000000000000000000000000000000000000000000000000000000000000000000000000000000000000000000000000000011000000000000000000000000000000000000000000000000000000000000000000000
000000000000000000000000000000000000000000000000000000000000000000000110000000000000000000000000000000000000000000000000000000000000000000000000000000000000000000000000000000000000000000000000000000000000000000000000000000000000000000000000000000000000000000000000000000000000000000000000011100000000000000000000000000000000000000000000000000000000000000000000
000000000000000000000000000000000000000000000000000000000000000000001100000000001111111111111111111111111111111111111111111111111111111111111111111111111111111111111111111111110000000111111111100111111111111111111011111111101110111111111101111111111111111111111111111111111111111110000000000110000000000000000000000000000000000000000000000000000000000000000000
000000000000000000000000000000000000000000000000000000000000000000011000000000001111000000000000000000000000000000000000000000000000000000000000000000000000000000000000000000110000000110000000111100000000000001100100001100011001100000000011000000000000000000000000000000000000000011100000000011000000000000000000000000000000000000000000000000000000000000000000
000000000000000000000000000000000000000000000000000000000000000000111000011100000111100000000000000000000000000000000000000000000000000000000000000000000000000000000000000011110000000111000000000000000000000000000000000000000000000000000000000000000000000000000000000000000000000001100111100011100000000000000000000000000000000000000000000000000000000000000000
000000000000000000000000000000000000000000000000000000000000000001100001110111000000111000000000000000000000000000000000000000000000000000000000000000000000000000000000001110000111110001111000000000000000000000000000000000000000000000000000000000000000000000000000000000000000001111111100100001110000000000000000000000000000000000000000000000000000000000000000
000000000000000000000000000000000000000000000000000000000000000011000011100001111000011110000000000000000000000000000000000000000000000000000000000000000000000000000001111000011100011110001110000000000000000000000000000000000000000000000000000000000000000000000000000000000001111011110000111000011000000000000000000000000000000000000000000000000000000000000000
000000000000000000000000000000000000000000000000000000000000000110000110000000001110000011100000000000000000000000000000000000000000000000000000000000000000000000000011100011110000000011100011110000000000000000000000000000000000000000000000000000000000000000000000000000000111101110000000011100001100000000000000000000000000000000000000000000000000000000000000
000000000000000000000000000000000000000000000000000000000000001110000110000000000111000001110000000000000000000000000000000000000000000000000000000000000000000000001111000111000000000011110000111000000000000000000000000000000000000000000000000000000000000000000000000000001110011100000000001100001110000000000000000000000000000000000000000000000000000000000000
000000000000000000000000000000000000000000000000000000000000011000011100000000000001110000011110000000000000000000000000000000000000000000000000000000000000000000111100111100000000000000011110001111000000000000000000000000000000000000000000000000000000000000000000000000111011110000000000000110000011000000000000000000000000000000000000000000000000000000000000
000000000000000000000000000000000000000000000000000000000000110000111000000000000000011111000011110000000000000000000000000000000000000000000000000000000000000011100011100000000000000000000111110011111000000000000000000000000000000000000000000000000000000000000000000111101110000000000000000011100001100000000000000000000000000000000000000000000000000000000000
000000000000000000000000000000000000000000000000000000000001100001100000000000000000000011110000111000000000000000000000000000000000000000000000000000000000011100001110000000000000000000000000011100011110000000000000000000000000000000000000000000000000000000000000011101111000000000000000000001110000110000000000000000000000000000000000000000000000000000000000
000000000000000000000000000000000000000000000000000000000011000001100000000000000000000000111000011110000000000000000000000000000000000000000000000000000000111000111100000000000000000000000000001111000111100000000000000000000000000000000000000000000000000000000001111011110000000000000000000000110000111000000000000000000000000000000000000000000000000000000000
000000000000000000000000000000000000000000000000000000000110000111000000000000000000000000001110000111000000000000000000000000000000000000000000000000000111000011100000000000000000000000000000000011110001111000000000000000000000000000000000000000000000000000000111001100000000000000000000000000011100001100000000000000000000000000000000000000000000000000000000
000000000000000000000000000000000000000000000000000000001100001110000000000000000000000000000011100001111000000000000000000000000000000000000000000000011110001111000000000000000000000000000000000000011110001110000000000000000000000000000000000000000000000000011101111000000000000000000000000000001110000110000000000000000000000000000000000000000000000000000000
000000000000000000000000000000000000000000000000000000011100001100000000000000000000000000000001111000111100000000000000000000000000000000000000000000111000111100000000000000000000000000000000000000000111000111100000000000000000000000000000000000000000000001111111110000000000000000000000000000000110000111000000000000000000000000000000000000000000000000000000
000000000000000000000000000000000000000000000000000000110000111000000000000000000000000000000000001110000111000000000000000000000000000000000000000011100111100000000000000000000000000000000000000000000001110000111000000000000000000000000000000000000000000011101110000000000000000000000000000000000011000001100000000000000000000000000000000000000000000000000000
000000000000000000000000000000000000000000000000000001100001110000000000000000000000000000000000000011100001110000000000000000000000000000000000011110001110000000000000000000000000000000000000000000000000001110001111000000000000000000000000000000000000011111111000000000000000000000000000000000000001110000110000000000000000000000000000000000000000000000000000
000000000000000000000000000000000000000000000000000011000001000000000000000000000000000000000000000000111100011110000000000000000000000000000011110001111000000000000000000000000000000000000000000000000000000111110011110000000000000000000000000000000011110111100000000000000000000000000000000000000000111000011000000000000000000000000000000000000000000000000000
000000000000000000000000000000000000000000000000000110000011000000000000000000000000000000000000000000011100001111000000000000000000000000000111100011110000000000000000000000000000000000000000000000000000000001110000111100000000000000000000000000000111111110000000000000000000000000000000000000000000011100011100000000000000000000000000000000000000000000000000
000000000000000000000000000000000000000000000000001100000110000000000000000000000000000000000000000000000011110001110000000000000000000000011100011110000000000000000000000000000000000000000000000000000000000000001110000111100000000000000000000000011101111000000000000000000000000000000000000000000000000110000110000000000000000000000000000000000000000000000000
000000000000000000000000000000000000000000000000011000001100000000000000000000000000000000000000000000000000011100011100000000000000000001110001110000000000000000000000000000000000000000000000000000000000000000000011100001110000000000000000000011110111000000000000000000000000000000000000000000000000000011000011000000000000000000000000000000000000000000000000
000000000000000000000000000000000000000000000000111000011100000000000000000000000000000000000000000000000000001110001110000000000000000111100111100000000000000000000000000000000000000000000000000000000000000000000001111000111100000000000000000111001110000000000000000000000000000000000000000000000000000001100011100000000000000000000000000000000000000000000000
000000000000000000000000000000000000000000000001100000110000000000000000000000000000000000000000000000000000000011110011100000000000011110011100000000000000000000000000000000000000000000000000000000000000000000000000001110000111000000000000011101111000000000000000000000000000000000000000000000000000000000110001110000000000000000000000000000000000000000000000
000000000000000000000000000000000000000000000011000001100000000000000000000000000000000000000000000000000000000000111000111100000011110001110000000000000000000000000000000000000000000000000000000000000000000000000000000011110001111000000011110111000000000000000000000000000000000000000000000000000000000000011000011000000000000000000000000000000000000000000000
000000000000000000000000000000000000000000000110000011000000000000000000000000000000000000000000000000000000000000001111000111011110000111000000000000000000000000000000000000000000000000000000000000000000000000000000000000011110000111000110011100000000000000000000000000000000000000000000000000000000000000001100001100000000000000000000000000000000000000000000
000000000000000000000000000000000000000000001110000110000000000000000000000000000000000000000000000000000000000000000111100011111100011110000000000000000000000000000000000000000000000000000000000000000000000000000000000000000111000011111101111000000000000000000000000000000000000000000000000000000000000000000110001110000000000000000000000000000000000000000000
000000000000000000000000000000000000000000011000001100000000000000000000000000000000000000000000000000000000000000000000111100000001110000000000000000000000000000000000000000000000000000000000000000000000000000000000000000000001111000010011100000000000000000000000000000000000000000000000000000000000000000000011000011000000000000000000000000000000000000000000
000000000000000000000000000000000000000000110000011000000000000000000000000000000000000000000000000000000000000000000000000100000011100000000000000000000000000000000000000000000000000000000000000000000000000000000000000000000000001100000011000000000000000000000000000000000000000000000000000000000000000000000001100001100000000000000000000000000000000000000000
000000000000000000000000000000000000000001110000111000000000000000000000000000000000000000000000000000000000000000000000011100000011100000000000000000000000000000000000000000000000000000000000000000000000000000000000000000000000011000000011100000000000000000000000000000000000000000000000000000000000000000000000110001110000000000000000000000000000000000000000
000000000000000000000000000000000000000011000001100000000000000000000000000000000000000000000000000000000000000000000001110011111001111000000000000000000000000000000000000000000000000000000000000000000000000000000000000000000001110111111000111100000000000000000000000000000000000000000000000000000000000000000000011000111000000000000000000000000000000000000000
000000000000000000000000000000000000000110000011000000000000000000000000000000000000000000000000000000000000000000001110001111001110001110000000000000000000000000000000000000000000000000000000000000000000000000000000000000001111111100011111000011100000000000000000000000000000000000000000000000000000000000000000001100001100000000000000000000000000000000000000
000000000000000000000000000000000000001100000110000000000000000000000000000000000000000000000000000000000000000001111000111000000011100001110000000000000000000000000000000000000000000000000000000000000000000000000000000001111011110000000001110000111000000000000000000000000000000000000000000000000000000000000000000110000110000000000000000000000000000000000000
000000000000000000000000000000000000011100000110000000000000000000000000000000000000000000000000000000000000000011110001111000000001110000111100000000000000000000000000000000000000000000000000000000000000000000000000000011110111000000000000111000111100000000000000000000000000000000000000000000000000000000000000000110000111000000000000000000000000000000000000
000000000000000000000000000000000000110000000111000000000000000000000000000000000000000000000000000000000000011110001111000000000000011110000111000000000000000000000000000000000000000000000000000000000000000000000000001110111100000000000000001110000111100000000000000000000000000000000000000000000000000000000000011100000001100000000000000000000000000000000000
000000000000000000000000000000000001100001111001100000000000000000000000000000000000000000000000000000000000110001111000000000000000000011100011110000000000000000000000000000000000000000000000000000000000000000000000111011100000000000000000000001110000111100000000000000000000000000000000000000000000000000000001110011111000110000000000000000000000000000000000
000000000000000000000000000000000011000011001100111000000000000000000000000000000000000000000000000000000111000011000000000000000000000000111000011100000000000000000000000000000000000000000000000000000000000000000111111110000000000000000000000000011110000111000000000000000000000000000000000000000000000000000011100110001100011000000000000000000000000000000000
000000000000000000000000000000000110000110001110011000000000000000000000000000000000000000000000000000011111001110000000000000000000000000011100001110000000000000000000000000000000000000000000000000000000000000001111011100000000000000000000000000001111000011100000000000000000000000000000000000000000000000000011001110001110011100000000000000000000000000000000
000000000000000000000000000000001100001100000111001110000000000000000000000000000000000000000000000001111000111000000000000000000000000000000111100011110000000000000000000000000000000000000000000000000000000000111011110000000000000000000000000000000001111000111100000000000000000000000000000000000000000000001110011000000111000110000000000000000000000000000000
000000000000000000000000000000011000011000000001100011000000000000000000000000000000000000000000000111000111100000000000000000000000000000000000111000011110000000000000000000000000000000000000000000000000000111101110000000000000000000000000000000000000001110001111100000000000000000000000000000000000000000011001110000000001000011000000000000000000000000000000
000000000000000000000000000000111000110000000000111011100000000000000000000000000000000000000000001110001111000000000000000000000000000000000000011100001111000000000000000000000000000000000000000000000000001111011100000000000000000000000000000000000000000111100011110000000000000000000000000000000000000000111011100000000001100011100000000000000000000000000000
000000000000000000000000000001100001100000000000011101110000000000000000000000000000000000000001110000111000000000000000000000000000000000000000001111000001111000000000000000000000000000000000000000000000111001110000000000000000000000000000000000000000000000111100111100000000000000000000000000000000000001100110000000000000110000110000000000000000000000000000
000000000000000000000000000011000011000000000000000110011100000000000000000000000000000000000111000111000000000000000000000000000000000000000000000001110000001100000000000000000000000000000000000000000111101110000000000000000000000000000000000000000000000000001111000111100000000000000000000000000000000111011100000000000000011000011000000000000000000000000000
000000000000000000000000000110000110000000000000000011101110000000000000000000000000000000111100111110000000000000000000000000000000000000000000000000011110000111100000000000000000000000000000000000011100111000000000000000000000000000000000000000000000000000000001110000111100000000000000000000000000001100111000000000000000001100001100000000000000000000000000
000000000000000000000000001100001100000000000000000001100110000000000000000000000000000001110001111000000000000000000000000000000000000000000000000000000111000011110000000000000000000000000000000000111111110000000000000000000000000000000000000000000000000000000000111000011100000000000000000000000000011001110000000000000000000110001110000000000000000000000000
000000000000000000000000011000011000000000000000000000110011100000000000000000000000000111000011000000000000000000000000000000000000000000000000000000000001110000001110000000000000000000000000000111101110000000000000000000000000000000000000000000000000000000000000001111100011100000000000000000000001110011000000000000000000000011000011000000000000000000000000
000000000000000000000000110000110000000000000000000000011100111000000000000000000000111000011110000000000000000000000000000000000000000000000000000000000000011100000011100000000000000000000000011101111000000000000000000000000000000000000000000000000000000000000000000000111000111100000000000000000011000110000000000000000000000001100001100000000000000000000000
000000000000000000000001110001100000000000000000000000001110111000000000000000000001110000111100000000000000000000000000000000000000000000000000000000000000001111000001111000000000000000000000111011100000000000000000000000000000000000000000000000000000000000000000000000111100011110000000000000000111001110000000000000000000000000110001110000000000000000000000
000000000000000000000011000011000000000000000000000000000011001110000000000000000111000111100000000000000000000000000000000000000000000000000000000000000000000011110000001110000000000000000111101111000000000000000000000000000000000000000000000000000000000000000000000000000111100011110000000000001100111000000000000000000000000000010000111000000000000000000000
000000000000000000000110000110000000000000000000000000000001110111000000000000111000111100000000000000000000000000000000000000000000000000000000000000000000000000011100000011110000000000011110111000000000000000000000000000000000000000000000000000000000000000000000000000000000111100011100000000111001100000000000000000000000000000011100001100000000000000000000
000000000000000000001100001100000000000000000000000000000000111001110000000011110001100000000000000000000000000000000000000000000000000000000000000000000000000000001111100000111000000001110111100000000000000000000000000000000000000000000000000000000000000000000000000000000000001111000111100001100111000000000000000000000000000000001110000110000000000000000000
000000000000000000011100001000000000000000000000000000000000011000111000001111000111000000000000000000000000000000000000000000000000000000000000000000000000000000000011100000001110000011101111000000000000000000000000000000000000000000000000000000000000000000000000000000000000000111110001110011101110000000000000000000000000000000000111000111000000000000000000
000000000000000000110000001000000000000000000000000000000000001110011101111100111100000000000000000000000000000000000000000000000000000000000000000000000000000000000000111000000011111110110000000000000000111111111111101110011101111111111111111111111111111111111111111111111110000000111000011110001111111111111111111111111111111111111111000001100000000000000000
000000000000000001100000001111111111111111111111111111111111111110000111100000111111111111111111111111111111111111111111111111111111111111111111111111111111111111111111111000000000000000111111111111111111100010000000011001110111000000000000000000000000000000000000000000000001111111111000000000000000000000000000000000000000000000000000000000110000000000000000
000000000000000011000000000000000000000000000000000000000000000000000000000000000000000000000000000000000000000000000000000000000000000000000000000000000000000000000000000000000000000000000000000000000000000000000000000000000000000000000000000000000000000000000000000000000000000000000000000000000000000000000000000000000000000000000000000000010000000000000000
000000000000000010000000000000000000000000000000000000000000000000000000000000000000000000000000000000000000000000000000000000000000000000000000000000000000000000000000000000000000000000000000000000000000000000000000000000000000000000000000000000000000000000000000000000000000000000000000000000000000000000000000000000000000000000000000000000000000000000000000
000000000000000010000000000000000000000000000000000000000000000000000000000000000000000000000000000000000000000000000000000000000000000000000000000000000000000000000000000000000000000000000000000000000000000000000000000000000000000000000000000000000000000000000000000000000000000000000000000000000000000000000000000000000000000000000000000000010000000000000000
000000000000000011000000001101111111111111111111111111111111111111111100000001111111111111111111111111111111111111111111111100000011111111111111100001111111111111111111001110111000000000000000000000000000000000000000000000000000000000000000000000000000000000000000000000000000000000000000000000000000000000000000000000000000000000000000000000110000000000000000
000000000000000011100000111111111111111111111111111111111111111111111110000111111111111111111111111111111111111111111111111110001111111111111111111111111111111111111111111111111110000011111111111111111111111111111111111111110011001000000111111111111111111111111111111111111111111111111000000000011111111111111111111111111111111111111100000000100000000000000000
000000000000000000110000110000000000000000000000000000000000000000000011000110000000000000000000000000000000000000000000000011001100000000000000000000000000000000000000000000000010001100000000000000000000000000000000000000001110111111011100000000000000000000000000000000000000000000001110000011110000000000000000000000000000000000000110000001100000000000000000
000000000000000000011000111000000000000000000000000000000000000000000001100011000000000000000000000000000000000000000000000011001100000000000000000000000000000000000000000000000110001000000000000000000000000000000000000000000000000010011000000000000000000000000000000000000000000000000110000010000000000000000000000000000000000000001110000011000000000000000000
000000000000000000001100001100000000000000000000000000000000000000000001100001000000000000000000000000000000000000000000000001000100000000000000000000000000000000000000000000000100001100000000000000000000000000000000000000000000000010010000000000000000000000000000000000000000000000001100000110000000000000000000000000000000000000011100000110000000000000000000
000000000000000000001110001100000000000000000000000000000000000000000000110001100000000000000000000000000000000000000000000001000100000000000000000000000000000000000000000000000100001100000000000000000000000000000000000000000000000110110000000000000000000000000000000000000000000000011000000110000000000000000000000000000000000000011000001110000000000000000000
000000000000000000000011000111000000000000000000000000000000000000000000010000110000000000000000000000000000000000000000000000100010000000000000000000000000000000000000000000000100001100000000000000000000000000000000000000000000000100100000000000000000000000000000000000000000000000110000000100000000000000000000000000000000000000110000001000000000000000000000
000000000000000000000001000011000000000000000000000000000000000000000000011000011000000000000000000000000000000000000000000000100010000000000000000000000000000000000000000000000100001100000000000000000000000000000000000000000000000100100000000000000000000000000000000000000000000000110110001100000000000000000000000000000000000011100000111000000000000000000000
000000000000000000000001110001100000000000000000000000000000000000000000011000001000000000000000000000000000000000000000000000100010000000000000000000000000000000000000000000000100000100000000000000000000000000000000000000000000000100100000000000000000000000000000000000000000000001100101011000000000000000000000000000000000000011000000110000000000000000000000
000000000000000000000000110000110000000000000000000000000000000000000000001100001110000000000000000000000000000000000000000000010010000000000000000000000000000000000000000000000101110100000000000000000000000000000000000000000000001001100000000000000000000000000000000000000000000011001110011000000000000000000000000000000000000111000001100000000000000000000000
000000000000000000000000011000011000000000000000000000000000000000000000001100000111000000000000000000000000000000000000000000010001000000000000000000000000000000000000000000001101010100000000000000000000000000000000000000000000001001000000000000000000000000000000000000000000000010011110110000000000000000000000000000000000001100000011000000000000000000000000
000000000000000000000000001100001100000000000000000000000000000000000000000110111001000000000000000000000000000000000000000000010001100000000000000000000000000000000000000000001001010110000000000000000000000000000000000000000000001011000000000000000000000000000000000000000000001100111100100000000000000000000000000000000000011000000110000000000000000000000000
000000000000000000000000000110000110000000000000000000000000000000000000000010111001100000000000000000000000000000000000000000010001100000000000000000000000000000000000000000001001010010000000000000000000000000000000000000000000011011000000000000000000000000000000000000000000001101111100100000000000000000000000000000000000111000001110000000000000000000000000
000000000000000000000000000011000010000000000000000000000000000000000000000010111100110000000000000000000000000000000000000000001001100000000000000000000000000000000000000000001001010010000000000000000000000000000000000000000000010011000000000000000000000000000000000000000000011001011001100000000000000000000000000000000001100000011100000000000000000000000000
000000000000000000000000000011100011100000000000000000000000000000000000000011011110011000000000000000000000000000000000000000001000100000000000000000000000000000000000000000001001010010000000000000000000000000000000000000000000110110000000000000000000000000000000000000000000110011110001000000000000000000000000000000000001000000010000000000000000000000000000
000000000000000000000000000001100001100000000000000000000000000000000000000001001111011000000000000000000000000000000000000000001100100000000000000000000000000000000000000000001011010010000000000000000000000000000000000000000000110100000000000000000000000000000000000000000001110110110011000000000000000000000000000000000011000000110000000000000000000000000000
000000000000000000000000000000111000110000000000000000000000000000000000000001001101001100000000000000000000000000000000000000001100010000000000000000000000000000000000000000001011010010000000000000000000000000000000000000000000110100000000000000000000000000000000000000000001101100110110000000000000000000000000000000000110000011100000000000000000000000000000
000000000000000000000000000000011100011100000000000000000000000000000000000001100111100110000000000000000000000000000000000000000100010000000000000000000000000000000000000000001011010011000000000000000000000000000000000000000000100100000000000000000000000000000000000000000011011101100110000000000000000000000000000000001100000111000000000000000000000000000000
000000000000000000000000000000000100001100000000000000000000000000000000000000110110110011000000000000000000000000000000000000000010010000000000000000000000000000000000000000010011001001000000000000000000000000000000000000000001001100000000000000000000000000000000000000000110010001001100000000000000000000000000000000111000000100000000000000000000000000000000
000000000000000000000000000000000110000110000000000000000000000000000000000000110010011011000000000000000000000000000000000000000010011000000000000000000000000000000000000000010010001001000000000000000000000000000000000000000001001000000000000000000000000000000000000000000100110011001100000000000000000000000000000000110000001100000000000000000000000000000000
000000000000000000000000000000000011000011000000000000000000000000000000000000010011011101100000000000000000000000000000000000000010001000000000000000000000000000000000000000010010001001000000000000000000000000000000000000000001001000000000000000000000000000000000000000011101100010001000000000000000000000000000000001100000011000000000000000000000000000000000
000000000000000000000000000000000001100001100000000000000000000000000000000000011001000100110000000000000000000000000000000000000010001000000000000000000000000000000000000000010010001001100000000000000000000000000000000000000001001000000000000000000000000000000000000000011011000110011000000000000000000000000000000011000000110000000000000000000000000000000000
000000000000000000000000000000000000110000110000000000000000000000000000000000001101100110011000000000000000000000000000000000000001001000000000000000000000000000000000000000010110001101100000000000000000000000000000000000000010010000000000000000000000000000000000000000110110001100110000000000000000000000000000000110000001100000000000000000000000000000000000
000000000000000000000000000000000000011000111000000000000000000000000000000000001101100011011100000000000000000000000000000000000001001100000000000000000000000000000000000000110100001101100000000000000000000000000000000000000010010000000000000000000000000000000000000001100110001100110000000000000000000000000000001110000001000000000000000000000000000000000000
000000000000000000000000000000000000001100001100000000000000000000000000000000000110100001101100000000000000000000000000000000000001100100000000000000000000000000000000000000110100001101100000000000000000000000000000000000000110110000000000000000000000000000000000000011001100001100110000000000000000000000000000011100000111000000000000000000000000000000000000
000000000000000000000000000000000000000100000110000000000000000000000000000000000110110000110110000000000000000000000000000000000001100110000000000000000000000000000000000000110100000100100000000000000000000000000000000000000110110000000000000000000000000000000000000111011000010001100000000000000000000000000000110000001110000000000000000000000000000000000000
000000000000000000000000000000000000000110000110000000000000000000000000000000000010010000110011000000000000000000000000000000000000100110000000000000000000000000000000000000110100000100100000000000000000000000000000000000000100100000000000000000000000000000000000000110011000010001000000000000000000000000000001110000001100000000000000000000000000000000000000
000000000000000000000000000000000000000011000011000000000000000000000000000000000011011000011001000000000000000000000000000000000000110010000000000000000000000000000000000000110100000100100000000000000000000000000000000000001101100000000000000000000000000000000000001100110000110011000000000000000000000000000001100000111000000000000000000000000000000000000000
000000000000000000000000000000000000000001110001100000000000000000000000000000000001011100001101110000000000000000000000000000000000010011000000000000000000000000000000000000100100000110100000000000000000000000000000000000001001000000000000000000000000000000000000011011100001100010000000000000000000000000000010000000110000000000000000000000000000000000000000
000000000000000000000000000000000000000000111000111000000000000000000000000000000001100100000110111000000000000000000000000000000000010001000000000000000000000000000000000000101100000010010000000000000000000000000000000000001001000000000000000000000000000000000000110011000001100110000000000000000000000000000110000001100000000000000000000000000000000000000000
000000000000000000000000000000000000000000011000011000000000000000000000000000000001100100000010011000000000000000000000000000000000010001000000000000000000000000000000000001101000000010010000000000000000000000000000000000001001000000000000000000000000000000000000110111000001000110000000000000000000000000001100000011000000000000000000000000000000000000000000
000000000000000000000000000000000000000000001110011100000000000000000000000000000000100110000011001100000000000000000000000000000000001001000000000000000000000000000000000001001000000010010000000000000000000000000000000000010001000000000000000000000000000000000001100100000011001100000000000000000000000000011000000010000000000000000000000000000000000000000000
000000000000000000000000000000000000000000000110000110000000000000000000000000000000110010000001100110000000000000000000000000000000001001100000000000000000000000000000000001001000000010010000000000000000000000000000000000010010000000000000000000000000000000000011001100000010001100000000000000000000000000110000001110000000000000000000000000000000000000000000
000000000000000000000000000000000000000000000111000110000000000000000000000000000000011011000000110111000000000000000000000000000000001000100000000000000000000000000000000001001000000010010000000000000000000000000000000000010110000000000000000000000000000000000011011000000010001000000000000000000000000001100000011100000000000000000000000000000000000000000000
000000000000000000000000000000000000000000000001100011100000000000000000000000000000011011000000111001000000000000000000000000000000001000100000000000000000000000000000000001001000000010010000000000000000000000000000000000110110000000000000000000000000000000001110110000000110011000000000000000000000000001000000110000000000000000000000000000000000000000000000
000000000000000000000000000000000000000000000000100001100000000000000000000000000000011101100000001001100000000000000000000000000000000100100000000000000000000000000000000001001000000010010000000000000000000000000000000000100100000000000000000000000000000000001101110000000100010000000000000000000000000111000001100000000000000000000000000000000000000000000000
000000000000000000000000000000000000000000000000111000110000000000000000000000000000000100100000001110110000000000000000000000000000000110010000000000000000000000000000000001001000000001001000000000000000000000000000000001101100000000000000000000000000000000011001000000001101110000000000000000000000001110000001100000000000000000000000000000000000000000000000
000000000000000000000000000000000000000000000000011000011000000000000000000000000000000100110000000110111000000000000000000000000000000110010000000000000000000000000000000011011000000001001000000000000000000000000000000001101000000000000000000000000000000000010011000000011001100000000000000000000000001100000011000000000000000000000000000000000000000000000000
000000000000000000000000000000000000000000000000001100001100000000000000000000000000000110010000000011011100000000000000000000000000000110011000000000000000000000000000000010010000000001001000000000000000000000000000000001101000000000000000000000000000000001110110000000011001100000000000000000000000111000000110000000000000000000000000000000000000000000000000
000000000000000000000000000000000000000000000000000110000110000000000000000000000000000011010000000001100100000000000000000000000000000010011000000000000000000000000000000010010000000001101000000000000000000000000000000001001000000000000000000000000000000001101100000000110011000000000000000000000001110000001100000000000000000000000000000000000000000000000000
000000000000000000000000000000000000000000000000000010000011000000000000000000000000000011010000000000100110000000000000000000000000000001001000000000000000000000000000000010010000000001101000000000000000000000000000000001001000000000000000000000000000000011001100000000100010000000000000000000000001000000011000000000000000000000000000000000000000000000000000
000000000000000000000000000000000000000000000000000011100001000000000000000000000000000001001000000000110011000000000000000000000000000001001000000000000000000000000000000110010000000001101000000000000000000000000000000010011000000000000000000000000000000110011000000000100110000000000000000000000011000000111000000000000000000000000000000000000000000000000000
000000000000000000000000000000000000000000000000000001110001110000000000000000000000000001101100000000011011100000000000000000000000000001000100000000000000000000000000000110110000000001101100000000000000000000000000000010010000000000000000000000000000001100110000000001100100000000000000000000000110000001100000000000000000000000000000000000000000000000000000
000000000000000000000000000000000000000000000000000000011000111000000000000000000000000000101100000000001100110000000000000000000000000001000100000000000000000000000000000110110000000001100100000000000000000000000000000010010000000000000000000000000000011001100000000001001100000000000000000000001100000011000000000000000000000000000000000000000000000000000000
000000000000000000000000000000000000000000000000000000011100011000000000000000000000000000110110000000000100110000000000000000000000000001100100000000000000000000000000000110110000000000100100000000000000000000000000000110110000000000000000000000000000011011100000000011001100000000000000000000011100000111000000000000000000000000000000000000000000000000000000
000000000000000000000000000000000000000000000000000000001110001110000000000000000000000000010010000000000111011000000000000000000000000000100110000000000000000000000000000110110000000000100100000000000000000000000000000100100000000000000000000000000000110010000000000011011000000000000000000000110000000110000000000000000000000000000000000000000000000000000000
000000000000000000000000000000000000000000000000000000000011000111000000000000000000000000010011000000000011001100000000000000000000000000100010000000000000000000000000000100110000000000010110000000000000000000000000000101100000000000000000000000000001100110000000000110011000000000000000000001100000001100000000000000000000000000000000000000000000000000000000
000000000000000000000000000000000000000000000000000000000001000001000000000000000000000000001001000000000001100110000000000000000000000000010011000000000000000000000000000100100000000000010110000000000000000000000000000101100000000000000000000000000011001100000000001100110000000000000000000011000000111000000000000000000000000000000000000000000000000000000000
000000000000000000000000000000000000000000000000000000000001100001100000000000000000000000001101000000000000110010000000000000000000000000010011000000000000000000000000000100100000000000010110000000000000000000000000001101100000000000000000000000000011011000000000001100100000000000000000000011000000110000000000000000000000000000000000000000000000000000000000
000000000000000000000000000000000000000000000000000000000000110000110000000000000000000000001101100000000000010011000000000000000000000000011011000000000000000000000000001100100000000000010110000000000000000000000000011001000000000000000000000000000110011000000000001001100000000000000000000110000001100000000000000000000000000000000000000000000000000000000000
000000000000000000000000000000000000000000000000000000000000011000011000000000000000000000001110110000000000011101100000000000000000000000011001000000000000000000000000001001000000000000010110000000000000000000000000011010000000000000000000000000001100110000000000011011000000000000000000011100000011000000000000000000000000000000000000000000000000000000000000
000000000000000000000000000000000000000000000000000000000000001100011100000000000000000000000110110000000000001101110000000000000000000000011001100000000000000000000000001001000000000000010010000000000000000000000000011010000000000000000000000000001001100000000000011011000000000000000000011000000111000000000000000000000000000000000000000000000000000000000000
000000000000000000000000000000000000000000000000000000000000000110000110000000000000000000000010110000000000000110011000000000000000000000001000100000000000000000000000001001000000000000010010000000000000000000000000010010000000000000000000000000111011000000000000110011000000000000000000110000001100000000000000000000000000000000000000000000000000000000000000
000000000000000000000000000000000000000000000000000000000000000111000010000000000000000000000011011000000000000011001000000000000000000000000100100000000000000000000000001001000000000000011010000000000000000000000000100110000000000000000000000000110110000000000000110110000000000000000001100000011100000000000000000000000000000000000000000000000000000000000000
000000000000000000000000000000000000000000000000000000000000000001100011100000000000000000000001001000000000000001101110000000000000000000000100100000000000000000000000001001000000000000001001000000000000000000000000100100000000000000000000000001101100000000000001100100000000000000000011000000110000000000000000000000000000000000000000000000000000000000000000
000000000000000000000000000000000000000000000000000000000000000001100001100000000000000000000001001000000000000001100110000000000000000000000100110000000000000000000000001001000000000000001001000000000000000000000000100100000000000000000000000011001100000000000001001100000000000000000111000001110000000000000000000000000000000000000000000000000000000000000000
000000000000000000000000000000000000000000000000000000000000000000111000110000000000000000000001100100000000000000110011000000000000000000000110010000000000000000000000010001000000000000001001000000000000000000000000100100000000000000000000000010011000000000000001001000000000000000001110000011100000000000000000000000000000000000000000000000000000000000000000
000000000000000000000000000000000000000000000000000000000000000000011100011100000000000000000000110110000000000000011001100000000000000000000010010000000000000000000000011010000000000000001001000000000000000000000001001100000000000000000000001110110000000000000011011000000000000000011000000010000000000000000000000000000000000000000000000000000000000000000000
000000000000000000000000000000000000000000000000000000000000000000001100001100000000000000000000110110000000000000001001100000000000000000000010010000000000000000000000010010000000000000001001000000000000000000000001001000000000000000000000001100110000000000000010011000000000000000111000000010000000000000000000000000000000000000000000000000000000000000000000
000000000000000000000000000000000000000000000000000000000000000000000110000110000000000000000000010011000000000000001110110000000000000000000011001000000000000000000000010010000000000000001001000000000000000000000011011000000000000000000000011001100000000000000110110000000000000001110000001100000000000000000000000000000000000000000000000000000000000000000000
000000000000000000000000000000000000000000000000000000000000000000000011000011000000000000000000011001000000000000000110011000000000000000000001001100000000000000000000010010000000000000001101000000000000000000000011011000000000000000000000110011000000000000001100110000000000000001000000011000000000000000000000000000000000000000000000000000000000000000000000
000000000000000000000000000000000000000000000000000000000000000000000001100001100000000000000000001001100000000000000011001100000000000000000001001100000000000000000000010110000000000000000100100000000000000000000010010000000000000000000001100110000000000000001101100000000000000011000000110000000000000000000000000000000000000000000000000000000000000000000000
000000000000000000000000000000000000000000000000000000000000000000000001100001110000000000000000001000100000000000000001000100000000000000000001101100000000000000000000010110000000000000000100100000000000000000000110010000000000000000000001101110000000000000001101000000000000000110000000100000000000000000000000000000000000000000000000000000000000000000000000
000000000000000000000000000000000000000000000000000000000000000000000000111000111000000000000000000100100000000000000001100111000000000000000000100100000000000000000000110110000000000000000100100000000000000000000100100000000000000000000011001100000000000000011011000000000000001100000001100000000000000000000000000000000000000000000000000000000000000000000000
000000000000000000000000000000000000000000000000000000000000000000000000001100001000000000000000000110110000000000000000111011000000000000000000100110000000000000000000100100000000000000000110110000000000000000000100100000000000000000000110011000000000000000010010000000000000011000000111000000000000000000000000000000000000000000000000000000000000000000000000
000000000000000000000000000000000000000000000000000000000000000000000000001110000110000000000000000111011000000000000000011001100000000000000000100010000000000000000000100100000000000000000110110000000000000000000100100000000000000000001101110000000000000000110110000000000000110000001110000000000000000000000000000000000000000000000000000000000000000000000000
000000000000000000000000000000000000000000000000000000000000000000000000000110000110000000000000000011011000000000000000011100110000000000000000110010000000000000000000100100000000000000000110110000000000000000001101100000000000000000001101100000000000000000100110000000000001100000001100000000000000000000000000000000000000000000000000000000000000000000000000
000000000000000000000000000000000000000000000000000000000000000000000000000011000011000000000000000001001100000000000000000110010000000000000000010010000000000000000001101100000000000000000110110000000000000000001001000000000000000000011011100000000000000001101100000000000011000000011000000000000000000000000000000000000000000000000000000000000000000000000000
000000000000000000000000000000000000000000000000000000000000000000000000000001110001100000000000000001100100000000000000000011011100000000000000010011000000000000000001101100000000000000000010110000000000000000001011000000000000000000110010000000000000000011001100000000000110000000110000000000000000000000000000000000000000000000000000000000000000000000000000
000000000000000000000000000000000000000000000000000000000000000000000000000000110000110000000000000000100100000000000000000011001100000000000000011001000000000000000001101000000000000000000010010000000000000000001011000000000000000001100110000000000000000011001000000000000110000001110000000000000000000000000000000000000000000000000000000000000000000000000000
000000000000000000000000000000000000000000000000000000000000000000000000000000111000011000000000000000100110000000000000000001100110000000000000001001100000000000000001101000000000000000000010010000000000000000010011000000000000000011001100000000000000000010011000000000011100000011000000000000000000000000000000000000000000000000000000000000000000000000000000
000000000000000000000000000000000000000000000000000000000000000000000000000000001100001100000000000000110011000000000000000000110011000000000000001101100000000000000001101000000000000000000011001000000000000000110010000000000000000111011000000000000000000110010000000000111000000110000000000000000000000000000000000000000000000000000000000000000000000000000000
000000000000000000000000000000000000000000000000000000000000000000000000000000000110000110000000000000011011000000000000000000010001100000000000001100100000000000000001001000000000000000000001001000000000000000110100000000000000000100111000000000000000000100100000000000100000001100000000000000000000000000000000000000000000000000000000000000000000000000000000
000000000000000000000000000000000000000000000000000000000000000000000000000000000111000111000000000000011011000000000000000000011001100000000000000100100000000000000001001000000000000000000001001000000000000000110100000000000000001100110000000000000000000101100000000001100000001100000000000000000000000000000000000000000000000000000000000000000000000000000000
000000000000000000000000000000000000000000000000000000000000000000000000000000000001000011100000000000001101100000000000000000001100110000000000000100010000000000000001001000000000000000000001001000000000000000100100000000000000001001100000000000000000011101100000000011000000011000000000000000000000000000000000000000000000000000000000000000000000000000000000
000000000000000000000000000000000000000000000000000000000000000000000000000000000001100000110000000000000100100000000000000000000110011000000000000010010000000000000001011000000000000000000001001000000000000001101100000000000000111011000000000000000000011011000000000110000001110000000000000000000000000000000000000000000000000000000000000000000000000000000000
000000000000000000000000000000000000000000000000000000000000000000000000000000000000110000110000000000000100100000000000000000000110001000000000000010010000000000000011010000000000000000000001001000000000000001001000000000000000110011000000000000000000011011000000001100000001100000000000000000000000000000000000000000000000000000000000000000000000000000000000
000000000000000000000000000000000000000000000000000000000000000000000000000000000000011000011000000000000110110000000000000000000011101110000000000010011000000000000010010000000000000000000001001000000000000001001000000000000001100100000000000000000000110010000000011000000011000000000000000000000000000000000000000000000000000000000000000000000000000000000000
000000000000000000000000000000000000000000000000000000000000000000000000000000000000001100001100000000000011010000000000000000000001100110000000000010001000000000000010010000000000000000000000101000000000000001001000000000000011001100000000000000000000100110000000110000000110000000000000000000000000000000000000000000000000000000000000000000000000000000000000
000000000000000000000000000000000000000000000000000000000000000000000000000000000000000111000110000000000011011000000000000000000000110011000000000001001000000000000010010000000000000000000000100100000000000011011000000000000110011000000000000000000000100100000001100000001100000000000000000000000000000000000000000000000000000000000000000000000000000000000000
000000000000000000000000000000000000000000000000000000000000000000000000000000000000000011000011000000000011011100000000000000000000010001100000000001101000000000000010010000000000000000000000100100000000000010010000000000000110110000000000000000000001101100000001000000011000000000000000000000000000000000000000000000000000000000000000000000000000000000000000
000000000000000000000000000000000000000000000000000000000000000000000000000000000000000001100001100000000001101100000000000000000000001000100000000001101100000000000010010000000000000000000000100100000000000110110000000000001100110000000000000000000011001000000011000000111000000000000000000000000000000000000000000000000000000000000000000000000000000000000000
000000000000000000000000000000000000000000000000000000000000000000000000000000000000000000110000110000000000101100000000000000000000001100111000000000100100000000000110010000000000000000000000110100000000000110110000000000011001100000000000000000000011011000001110000001100000000000000000000000000000000000000000000000000000000000000000000000000000000000000000
000000000000000000000000000000000000000000000000000000000000000000000000000000000000000000010000110000000000100110000000000000000000000110011000000000100100000000000100100000000000000000000000110100000000000100100000000000010011000000000000000000000010011000001100000011000000000000000000000000000000000000000000000000000000000000000000000000000000000000000000
000000000000000000000000000000000000000000000000000000000000000000000000000000000000000000011100011000000000010010000000000000000000000111001100000000110110000000000100100000000000000000000000110100000000000100100000000001110110000000000000000000000100110000011000000011000000000000000000000000000000000000000000000000000000000000000000000000000000000000000000
000000000000000000000000000000000000000000000000000000000000000000000000000000000000000000001110001110000000010010000000000000000000000001000110000000010110000000000100100000000000000000000000110100000000001001000000000001101100000000000000000000001100100001110000000110000000000000000000000000000000000000000000000000000000000000000000000000000000000000000000
000000000000000000000000000000000000000000000000000000000000000000000000000000000000000000000010000111000000011001000000000000000000000001100011000000010011000000000100100000000000000000000000010010000000001001000000000011011000000000000000000000001001100001100000001100000000000000000000000000000000000000000000000000000000000000000000000000000000000000000000
000000000000000000000000000000000000000000000000000000000000000000000000000000000000000000000011000011000000001101000000000000000000000000110011000000010001000000001101100000000000000000000000010010000000001001000000000110011000000000000000000000001001000011000000011000000000000000000000000000000000000000000000000000000000000000000000000000000000000000000000
000000000000000000000000000000000000000000000000000000000000000000000000000000000000000000000001100001100000001101100000000000000000000000011001100000001001000000001101100000000000000000000000010010000000001001000000000100110000000000000000000000011011000110000000110000000000000000000000000000000000000000000000000000000000000000000000000000000000000000000000
000000000000000000000000000000000000000000000000000000000000000000000000000000000000000000000000110000110000000100110000000000000000000000011100110000001001000000001101100000000000000000000000011011000000010010000000011101100000000000000000000000110011001100000001110000000000000000000000000000000000000000000000000000000000000000000000000000000000000000000000
000000000000000000000000000000000000000000000000000000000000000000000000000000000000000000000000011000011000000110110000000000000000000000000110011000001001000000001101100000000000000000000000001011000000010010000000011011100000000000000000000000110110011000000011000000000000000000000000000000000000000000000000000000000000000000000000000000000000000000000000
000000000000000000000000000000000000000000000000000000000000000000000000000000000000000000000000011000011100000010010000000000000000000000000110011100001101100000001101100000000000000000000000001011000000010110000000110011000000000000000000000000110100111000000011000000000000000000000000000000000000000000000000000000000000000000000000000000000000000000000000
000000000000000000000000000000000000000000000000000000000000000000000000000000000000000000000000001110000110000011011000000000000000000000000011001100000100100000001001000000000000000000000000001011000000110110000001100110000000000000000000000001101100100000001110000000000000000000000000000000000000000000000000000000000000000000000000000000000000000000000000
000000000000000000000000000000000000000000000000000000000000000000000000000000000000000000000000000111000011000001001000000000000000000000000001100110000110110000001001000000000000000000000000001001000001100100000011001100000000000000000000000001001011100000011100000000000000000000000000000000000000000000000000000000000000000000000000000000000000000000000000
000000000000000000000000000000000000000000000000000000000000000000000000000000000000000000000000000011000011000001001000000000000000000000000001100011000110110000001011000000000000000000000000001001000001101100000011011100000000000000000000000011011011000000011000000000000000000000000000000000000000000000000000000000000000000000000000000000000000000000000000
000000000000000000000000000000000000000000000000000000000000000000000000000000000000000000000000000001100001100001101100000000000000000000000000110001100110010000010010000000000000000000000000001001000001101000000110011000000000000000000000000010110110000000110000000000000000000000000000000000000000000000000000000000000000000000000000000000000000000000000000
000000000000000000000000000000000000000000000000000000000000000000000000000000000000000000000000000000110000110000110110000000000000000000000000011101110010011000010010000000000000000000000000001101000001001000001100110000000000000000000000000110111100000001100000000000000000000000000000000000000000000000000000000000000000000000000000000000000000000000000000
000000000000000000000000000000000000000000000000000000000000000000000000000000000000000000000000000000011000011100010110000000000000000000000000000100011001001000010010000000000000000000000000000100100001001000011011100000000000000000000000001101111000000011000000000000000000000000000000000000000000000000000000000000000000000000000000000000000000000000000000
000000000000000000000000000000000000000000000000000000000000000000000000000000000000000000000000000000011100001100010010000000000000000000000000000100011001001000010010000000000000000000000000000100100011011000111011000000000000000000000000001101110000000110000000000000000000000000000000000000000000000000000000000000000000000000000000000000000000000000000000
000000000000000000000000000000000000000000000000000000000000000000000000000000000000000000000000000000000110000110001001000000000000000000000000000110001101001000010010000000000000000000000000000100100010010000110111000000000000000000000000011101110000001100000000000000000000000000000000000000000000000000000000000000000000000000000000000000000000000000000000
000000000000000000000000000000000000000000000000000000000000000000000000000000000000000000000000000000000011000011001001000000000000000000000000000011100111100100010010000000000000000000000000000100100010010001100100000000000000000000000000010001100000011000000000000000000000000000000000000000000000000000000000000000000000000000000000000000000000000000000000
000000000000000000000000000000000000000000000000000000000000000000000000000000000000000000000000000000000011100011001101100000000000000000000000000001100110100100010010000000000000000000000000000100100010010011001100000000000000000000000000010001000000011000000000000000000000000000000000000000000000000000000000000000000000000000000000000000000000000000000000
000000000000000000000000000000000000000000000000000000000000000000000000000000000000000000000000000000000000100001110110100000000000000000000000000000100011100100110010000000000000000000000000000100100100100110011000000000000000000000000000110000000000110000000000000000000000000000000000000000000000000000000000000000000000000000000000000000000000000000000000
000000000000000000000000000000000000000000000000000000000000000000000000000000000000000000000000000000000000110000111110110000000000000000000000000000010001110100100100000000000000000000000000000110010101101110110000000000000000000000000001100000000011100000000000000000000000000000000000000000000000000000000000000000000000000000000000000000000000000000000000
000000000000000000000000000000000000000000000000000000000000000000000000000000000000000000000000000000000000011100001110011000000000000000000000000000011000110010100100000000000000000000000000000010010101101001110000000000000000000000000001100000000111000000000000000000000000000000000000000000000000000000000000000000000000000000000000000000000000000000000000
000000000000000000000000000000000000000000000000000000000000000000000000000000000000000000000000000000000000001100000100011000000000000000000000000000001100110010100100000000000000000000000000000010010101111001100000000000000000000000000011000000000110000000000000000000000000000000000000000000000000000000000000000000000000000000000000000000000000000000000000
000000000000000000000000000000000000000000000000000000000000000000000000000000000000000000000000000000000000000110000000011000000000000000000000000000000110000011100100000000000000000000000000000010011001110011000000000000000000000000000010000000001100000000000000000000000000000000000000000000000000000000000000000000000000000000000000000000000000000000000000
000000000000000000000000000000000000000000000000000000000000000000000000000000000000000000000000000000000000000011000000001100000000000000000000000000000111000011101100000000000000000000000000000011011011100110000000000000000000000000000010000000011000000000000000000000000000000000000000000000000000000000000000000000000000000000000000000000000000000000000000
000000000000000000000000000000000000000000000000000000000000000000000000000000000000000000000000000000000000000001100000000100000000000000000000000000000001000000001100000000000000000000000000000011011011101100000000000000000000000000000110000000110000000000000000000000000000000000000000000000000000000000000000000000000000000000000000000000000000000000000000
000000000000000000000000000000000000000000000000000000000000000000000000000000000000000000000000000000000000000001110000000110000000000000000000000000000001100000001100000000000000000000000000000011000000001000000000000000000000000000001100000001110000000000000000000000000000000000000000000000000000000000000000000000000000000000000000000000000000000000000000
000000000000000000000000000000000000000000000000000000000000000000000000000000000000000000000000000000000000000000011000000010000000000000000000000000000000110000001100000000000000000000000000000011000000011000000000000000000000000000011000000001000000000000000000000000000000000000000000000000000000000000000000000000000000000000000000000000000000000000000000
000000000000000000000000000000000000000000000000000000000000000000000000000000000000000000000000000000000000000000001100000011000000000000000000000000000000011000001000000000000000000000000000000001000000110000000000000000000000000000110000000111000000000000000000000000000000000000000000000000000000000000000000000000000000000000000000000000000000000000000000
000000000000000000000000000000000000000000000000000000000000000000000000000000000000000000000000000000000000000000001100000011000000000000000000000000000000011000001000000000000000000000000000000001000001110000000000000000000000000000100000000110000000000000000000000000000000000000000000000000000000000000000000000000000000000000000000000000000000000000000000
000000000000000000000000000000000000000000000000000000000000000000000000000000000000000000000000000000000000000000000110000001000000000000000000000000000000001100011000000000000000000000000000000001000001100000000000000000000000000011100000001100000000000000000000000000000000000000000000000000000000000000000000000000000000000000000000000000000000000000000000
000000000000000000000000000000000000000000000000000000000000000000000000000000000000000000000000000000000000000000000011000000100000000000000000000000000000000110010000000000000000000000000000000001000011000000000000000000000000000111000000011000000000000000000000000000000000000000000000000000000000000000000000000000000000000000000000000000000000000000000000
000000000000000000000000000000000000000000000000000000000000000000000000000000000000000000000000000000000000000000000001100000110000000000000000000000000000000011010000000000000000000000000000000001000110000000000000000000000000001100000000110000000000000000000000000000000000000000000000000000000000000000000000000000000000000000000000000000000000000000000000
000000000000000000000000000000000000000000000000000000000000000000000000000000000000000000000000000000000000000000000000110000011000000000000000000000000000000011010000000000000000000000000000000011001100000000000000000000000000001100000001110000000000000000000000000000000000000000000000000000000000000000000000000000000000000000000000000000000000000000000000
000000000000000000000000000000000000000000000000000000000000000000000000000000000000000000000000000000000000000000000000011000001100000000000000000000000000000011011000000000000000000000000000000011011000000000000000000000000000111000000011100000000000000000000000000000000000000000000000000000000000000000000000000000000000000000000000000000000000000000000000
000000000000000000000000000000000000000000000000000000000000000000000000000000000000000000000000000000000000000000000000011100001110000000000000000000000000000001001000000000000000000000000000000010011000000000000000000000000000110000000110000000000000000000000000000000000000000000000000000000000000000000000000000000000000000000000000000000000000000000000000
000000000000000000000000000000000000000000000000000000000000000000000000000000000000000000000000000000000000000000000000001100000110000000000000000000000000000001101100000000000000000000000000000010010000000000000000000000000001100000000110000000000000000000000000000000000000000000000000000000000000000000000000000000000000000000000000000000000000000000000000
000000000000000000000000000000000000000000000000000000000000000000000000000000000000000000000000000000000000000000000000000111000011100000000000000000000000000000101100000000000000000000000000000100110000000000000000000000000011000000011100000000000000000000000000000000000000000000000000000000000000000000000000000000000000000000000000000000000000000000000000
000000000000000000000000000000000000000000000000000000000000000000000000000000000000000000000000000000000000000000000000000011100001110000000000000000000000000000100100000000000000000000000000000100100000000000000000000000000110000000011000000000000000000000000000000000000000000000000000000000000000000000000000000000000000000000000000000000000000000000000000
000000000000000000000000000000000000000000000000000000000000000000000000000000000000000000000000000000000000000000000000000000100000010000000000000000000000000000100100000000000000000000000000000100100000000000000000000000001100000000100000000000000000000000000000000000000000000000000000000000000000000000000000000000000000000000000000000000000000000000000000
000000000000000000000000000000000000000000000000000000000000000000000000000000000000000000000000000000000000000000000000000000110000011000000000000000000000000000100110000000000000000000000000000100100000000000000000000000011000000001100000000000000000000000000000000000000000000000000000000000000000000000000000000000000000000000000000000000000000000000000000
000000000000000000000000000000000000000000000000000000000000000000000000000000000000000000000000000000000000000000000000000000011000001100000000000000000000000000010010000000000000000000000000001001100000000000000000000000110000000011000000000000000000000000000000000000000000000000000000000000000000000000000000000000000000000000000000000000000000000000000000
000000000000000000000000000000000000000000000000000000000000000000000000000000000000000000000000000000000000000000000000000000001100000110000000000000000000000000010010000000000000000000000000001001000000000000000000000001100000000110000000000000000000000000000000000000000000000000000000000000000000000000000000000000000000000000000000000000000000000000000000
000000000000000000000000000000000000000000000000000000000000000000000000000000000000000000000000000000000000000000000000000000000110000011000000000000000000000000010010000000000000000000000000001011000000000000000000000001100000000100000000000000000000000000000000000000000000000000000000000000000000000000000000000000000000000000000000000000000000000000000000
000000000000000000000000000000000000000000000000000000000000000000000000000000000000000000000000000000000000000000000000000000000011000001000000000000000000000000011001000000000000000000000000001011000000000000000000000011000000001100000000000000000000000000000000000000000000000000000000000000000000000000000000000000000000000000000000000000000000000000000000
000000000000000000000000000000000000000000000000000000000000000000000000000000000000000000000000000000000000000000000000000000000001100001100000000000000000000000001001100000000000000000000000010010000000000000000000000110000000111000000000000000000000000000000000000000000000000000000000000000000000000000000000000000000000000000000000000000000000000000000000
000000000000000000000000000000000000000000000000000000000000000000000000000000000000000000000000000000000000000000000000000000000001110000111000000000000000000000001101100000000000000000000000110110000000000000000000011100000001110000000000000000000000000000000000000000000000000000000000000000000000000000000000000000000000000000000000000000000000000000000000
000000000000000000000000000000000000000000000000000000000000000000000000000000000000000000000000000000000000000000000000000000000000110000011000000000000000000000001101100000000000000000000000110100000000000000000000011000000001100000000000000000000000000000000000000000000000000000000000000000000000000000000000000000000000000000000000000000000000000000000000
000000000000000000000000000000000000000000000000000000000000000000000000000000000000000000000000000000000000000000000000000000000000011000001100000000000000000000000100100000000000000000000000100100000000000000000000110000000111000000000000000000000000000000000000000000000000000000000000000000000000000000000000000000000000000000000000000000000000000000000000
000000000000000000000000000000000000000000000000000000000000000000000000000000000000000000000000000000000000000000000000000000000000001100000110000000000000000000000110110000000000000000000001100100000000000000000001100000000110000000000000000000000000000000000000000000000000000000000000000000000000000000000000000000000000000000000000000000000000000000000000
000000000000000000000000000000000000000000000000000000000000000000000000000000000000000000000000000000000000000000000000000000000000000110000011000000000000000000000010010000000000000000000001001000000000000000000011000000001100000000000000000000000000000000000000000000000000000000000000000000000000000000000000000000000000000000000000000000000000000000000000
000000000000000000000000000000000000000000000000000000000000000000000000000000000000000000000000000000000000000000000000000000000000000111000011100000000000000000000010010000000000000000000001001000000000000000000111000000011000000000000000000000000000000000000000000000000000000000000000000000000000000000000000000000000000000000000000000000000000000000000000
000000000000000000000000000000000000000000000000000000000000000000000000000000000000000000000000000000000000000000000000000000000000000001100000110000000000000000000010010000000000000000000001001000000000000000001100000000110000000000000000000000000000000000000000000000000000000000000000000000000000000000000000000000000000000000000000000000000000000000000000
000000000000000000000000000000000000000000000000000000000000000000000000000000000000000000000000000000000000000000000000000000000000000000110000011000000000000000000011001000000000000000000011001000000000000000011000000001100000000000000000000000000000000000000000000000000000000000000000000000000000000000000000000000000000000000000000000000000000000000000000
000000000000000000000000000000000000000000000000000000000000000000000000000000000000000000000000000000000000000000000000000000000000000000111000011100000000000000000001001000000000000000000010011000000000000000111000000011100000000000000000000000000000000000000000000000000000000000000000000000000000000000000000000000000000000000000000000000000000000000000000
000000000000000000000000000000000000000000000000000000000000000000000000000000000000000000000000000000000000000000000000000000000000000000011000001100000000000000000001101000000000000000000010010000000000000000110000000010000000000000000000000000000000000000000000000000000000000000000000000000000000000000000000000000000000000000000000000000000000000000000000
000000000000000000000000000000000000000000000000000000000000000000000000000000000000000000000000000000000000000000000000000000000000000000000110000110000000000000000001101000000000000000000110110000000000000001100000000100000000000000000000000000000000000000000000000000000000000000000000000000000000000000000000000000000000000000000000000000000000000000000000
000000000000000000000000000000000000000000000000000000000000000000000000000000000000000000000000000000000000000000000000000000000000000000000011000011100000000000000001100100000000000000000100110000000000000111000000011100000000000000000000000000000000000000000000000000000000000000000000000000000000000000000000000000000000000000000000000000000000000000000000
000000000000000000000000000000000000000000000000000000000000000000000000000000000000000000000000000000000000000000000000000000000000000000000011000001100000000000000000100100000000000000000100100000000000000110000000011000000000000000000000000000000000000000000000000000000000000000000000000000000000000000000000000000000000000000000000000000000000000000000000
000000000000000000000000000000000000000000000000000000000000000000000000000000000000000000000000000000000000000000000000000000000000000000000001100000110000000000000000110110000000000000001101100000000000001100000000110000000000000000000000000000000000000000000000000000000000000000000000000000000000000000000000000000000000000000000000000000000000000000000000
000000000000000000000000000000000000000000000000000000000000000000000000000000000000000000000000000000000000000000000000000000000000000000000000110000011000000000000000010110000000000000001001000000000000011000000011100000000000000000000000000000000000000000000000000000000000000000000000000000000000000000000000000000000000000000000000000000000000000000000000
000000000000000000000000000000000000000000000000000000000000000000000000000000000000000000000000000000000000000000000000000000000000000000000000010000001000000000000000010010000000000000001001000000000000110000000011000000000000000000000000000000000000000000000000000000000000000000000000000000000000000000000000000000000000000000000000000000000000000000000000
000000000000000000000000000000000000000000000000000000000000000000000000000000000000000000000000000000000000000000000000000000000000000000000000011100001110000000000000010010000000000000001001000000000001100000000110000000000000000000000000000000000000000000000000000000000000000000000000000000000000000000000000000000000000000000000000000000000000000000000000
000000000000000000000000000000000000000000000000000000000000000000000000000000000000000000000000000000000000000000000000000000000000000000000000000110000111000000000000001001000000000000011011000000000011100000001100000000000000000000000000000000000000000000000000000000000000000000000000000000000000000000000000000000000000000000000000000000000000000000000000
000000000000000000000000000000000000000000000000000000000000000000000000000000000000000000000000000000000000000000000000000000000000000000000000000011000001100000000000001001000000000000010010000000000110000000011000000000000000000000000000000000000000000000000000000000000000000000000000000000000000000000000000000000000000000000000000000000000000000000000000
000000000000000000000000000000000000000000000000000000000000000000000000000000000000000000000000000000000000000000000000000000000000000000000000000011100001100000000000001001000000000000010110000000000110000000111000000000000000000000000000000000000000000000000000000000000000000000000000000000000000000000000000000000000000000000000000000000000000000000000000
000000000000000000000000000000000000000000000000000000000000000000000000000000000000000000000000000000000000000000000000000000000000000000000000000001110000110000000000001001100000000000010110000000011100000001110000000000000000000000000000000000000000000000000000000000000000000000000000000000000000000000000000000000000000000000000000000000000000000000000000
000000000000000000000000000000000000000000000000000000000000000000000000000000000000000000000000000000000000000000000000000000000000000000000000000000011000011000000000000100100000000000100100000000011000000001000000000000000000000000000000000000000000000000000000000000000000000000000000000000000000000000000000000000000000000000000000000000000000000000000000
000000000000000000000000000000000000000000000000000000000000000000000000000000000000000000000000000000000000000000000000000000000000000000000000000000001000001100000000000110110000000001100100000000110000000011000000000000000000000000000000000000000000000000000000000000000000000000000000000000000000000000000000000000000000000000000000000000000000000000000000
000000000000000000000000000000000000000000000000000000000000000000000000000000000000000000000000000000000000000000000000000000000000000000000000000000001100000110000000000110110000000001101100000001100000000110000000000000000000000000000000000000000000000000000000000000000000000000000000000000000000000000000000000000000000000000000000000000000000000000000000
000000000000000000000000000000000000000000000000000000000000000000000000000000000000000000000000000000000000000000000000000000000000000000000000000000000110000011000000000110110000000001101000000011000000001100000000000000000000000000000000000000000000000000000000000000000000000000000000000000000000000000000000000000000000000000000000000000000000000000000000
000000000000000000000000000000000000000000000000000000000000000000000000000000000000000000000000000000000000000000000000000000000000000000000000000000000011000001100000000010010000000001001000000110000000011000000000000000000000000000000000000000000000000000000000000000000000000000000000000000000000000000000000000000000000000000000000000000000000000000000000
000000000000000000000000000000000000000000000000000000000000000000000000000000000000000000000000000000000000000000000000000000000000000000000000000000000001100000110000000010011000000001001000001100000000110000000000000000000000000000000000000000000000000000000000000000000000000000000000000000000000000000000000000000000000000000000000000000000000000000000000
000000000000000000000000000000000000000000000000000000000000000000000000000000000000000000000000000000000000000000000000000000000000000000000000000000000000110000011100000001001000000010010000011000000001100000000000000000000000000000000000000000000000000000000000000000000000000000000000000000000000000000000000000000000000000000000000000000000000000000000000
000000000000000000000000000000000000000000000000000000000000000000000000000000000000000000000000000000000000000000000000000000000000000000000000000000000000111000001110000001001000000010010000110000000011000000000000000000000000000000000000000000000000000000000000000000000000000000000000000000000000000000000000000000000000000000000000000000000000000000000000
000000000000000000000000000000000000000000000000000000000000000000000000000000000000000000000000000000000000000000000000000000000000000000000000000000000000001100000011000001101100000010010001110000000110000000000000000000000000000000000000000000000000000000000000000000000000000000000000000000000000000000000000000000000000000000000000000000000000000000000000
000000000000000000000000000000000000000000000000000000000000000000000000000000000000000000000000000000000000000000000000000000000000000000000000000000000000001100000011100000100100000110110001100000000100000000000000000000000000000000000000000000000000000000000000000000000000000000000000000000000000000000000000000000000000000000000000000000000000000000000000
000000000000000000000000000000000000000000000000000000000000000000000000000000000000000000000000000000000000000000000000000000000000000000000000000000000000000111000001110000100100000100100111000000001100000000000000000000000000000000000000000000000000000000000000000000000000000000000000000000000000000000000000000000000000000000000000000000000000000000000000
000000000000000000000000000000000000000000000000000000000000000000000000000000000000000000000000000000000000000000000000000000000000000000000000000000000000000011000000011000110100001101101110000000011000000000000000000000000000000000000000000000000000000000000000000000000000000000000000000000000000000000000000000000000000000000000000000000000000000000000000
000000000000000000000000000000000000000000000000000000000000000000000000000000000000000000000000000000000000000000000000000000000000000000000000000000000000000011100000011000110100001101101100000000110000000000000000000000000000000000000000000000000000000000000000000000000000000000000000000000000000000000000000000000000000000000000000000000000000000000000000
000000000000000000000000000000000000000000000000000000000000000000000000000000000000000000000000000000000000000000000000000000000000000000000000000000000000000000110000001110110010001001111000000001100000000000000000000000000000000000000000000000000000000000000000000000000000000000000000000000000000000000000000000000000000000000000000000000000000000000000000
000000000000000000000000000000000000000000000000000000000000000000000000000000000000000000000000000000000000000000000000000000000000000000000000000000000000000000011000000011011011011011110000000011000000000000000000000000000000000000000000000000000000000000000000000000000000000000000000000000000000000000000000000000000000000000000000000000000000000000000000
000000000000000000000000000000000000000000000000000000000000000000000000000000000000000000000000000000000000000000000000000000000000000000000000000000000000000000001100000001111011010011100000000110000000000000000000000000000000000000000000000000000000000000000000000000000000000000000000000000000000000000000000000000000000000000000000000000000000000000000000
000000000000000000000000000000000000000000000000000000000000000000000000000000000000000000000000000000000000000000000000000000000000000000000000000000000000000000001110000000111011010011100000001100000000000000000000000000000000000000000000000000000000000000000000000000000000000000000000000000000000000000000000000000000000000000000000000000000000000000000000
000000000000000000000000000000000000000000000000000000000000000000000000000000000000000000000000000000000000000000000000000000000000000000000000000000000000000000000011000000011001010000000000001000000000000000000000000000000000000000000000000000000000000000000000000000000000000000000000000000000000000000000000000000000000000000000000000000000000000000000000
000000000000000000000000000000000000000000000000000000000000000000000000000000000000000000000000000000000000000000000000000000000000000000000000000000000000000000000001100000000001110000000000111000000000000000000000000000000000000000000000000000000000000000000000000000000000000000000000000000000000000000000000000000000000000000000000000000000000000000000000
000000000000000000000000000000000000000000000000000000000000000000000000000000000000000000000000000000000000000000000000000000000000000000000000000000000000000000000001100000000001100000000000110000000000000000000000000000000000000000000000000000000000000000000000000000000000000000000000000000000000000000000000000000000000000000000000000000000000000000000000
000000000000000000000000000000000000000000000000000000000000000000000000000000000000000000000000000000000000000000000000000000000000000000000000000000000000000000000000110000000000000000000001100000000000000000000000000000000000000000000000000000000000000000000000000000000000000000000000000000000000000000000000000000000000000000000000000000000000000000000000
000000000000000000000000000000000000000000000000000000000000000000000000000000000000000000000000000000000000000000000000000000000000000000000000000000000000000000000000011000000000000000000111000000000000000000000000000000000000000000000000000000000000000000000000000000000000000000000000000000000000000000000000000000000000000000000000000000000000000000000000
000000000000000000000000000000000000000000000000000000000000000000000000000000000000000000000000000000000000000000000000000000000000000000000000000000000000000000000000001100000000000000000110000000000000000000000000000000000000000000000000000000000000000000000000000000000000000000000000000000000000000000000000000000000000000000000000000000000000000000000000
000000000000000000000000000000000000000000000000000000000000000000000000000000000000000000000000000000000000000000000000000000000000000000000000000000000000000000000000000110000000000000001110000000000000000000000000000000000000000000000000000000000000000000000000000000000000000000000000000000000000000000000000000000000000000000000000000000000000000000000000
000000000000000000000000000000000000000000000000000000000000000000000000000000000000000000000000000000000000000000000000000000000000000000000000000000000000000000000000000111000000000000011000000000000000000000000000000000000000000000000000000000000000000000000000000000000000000000000000000000000000000000000000000000000000000000000000000000000000000000000000
000000000000000000000000000000000000000000000000000000000000000000000000000000000000000000000000000000000000000000000000000000000000000000000000000000000000000000000000000001100000000000110000000000000000000000000000000000000000000000000000000000000000000000000000000000000000000000000000000000000000000000000000000000000000000000000000000000000000000000000000
000000000000000000000000000000000000000000000000000000000000000000000000000000000000000000000000000000000000000000000000000000000000000000000000000000000000000000000000000000110000000001100000000000000000000000000000000000000000000000000000000000000000000000000000000000000000000000000000000000000000000000000000000000000000000000000000000000000000000000000000
000000000000000000000000000000000000000000000000000000000000000000000000000000000000000000000000000000000000000000000000000000000000000000000000000000000000000000000000000000111000000001100000000000000000000000000000000000000000000000000000000000000000000000000000000000000000000000000000000000000000000000000000000000000000000000000000000000000000000000000000
000000000000000000000000000000000000000000000000000000000000000000000000000000000000000000000000000000000000000000000000000000000000000000000000000000000000000000000000000000001000000011000000000000000000000000000000000000000000000000000000000000000000000000000000000000000000000000000000000000000000000000000000000000000000000000000000000000000000000000000000
000000000000000000000000000000000000000000000000000000000000000000000000000000000000000000000000000000000000000000000000000000000000000000000000000000000000000000000000000000001100001110000000000000000000000000000000000000000000000000000000000000000000000000000000000000000000000000000000000000000000000000000000000000000000000000000000000000000000000000000000
000000000000000000000000000000000000000000000000000000000000000000000000000000000000000000000000000000000000000000000000000000000000000000000000000000000000000000000000000000000100011100000000000000000000000000000000000000000000000000000000000000000000000000000000000000000000000000000000000000000000000000000000000000000000000000000000000000000000000000000000
000000000000000000000000000000000000000000000000000000000000000000000000000000000000000000000000000000000000000000000000000000000000000000000000000000000000000000000000000000000111110000000000000000000000000000000000000000000000000000000000000000000000000000000000000000000000000000000000000000000000000000000000000000000000000000000000000000000000000000000000
