000000000000000000000000000000000000000000000000000000000000000000111011100000000000000000000001110111000110011000111011100000000000000000000001110111000110011000111011100000000000000000000001110111000110011000111011100000000000000000000001110111000110011000111011100000000000000000000001110111000000000000000000000000000000000000000000000000000000000000000000
000000000000000000000000000000000000000000000000000000000000000001111111100000000000000000000001111111100110011001111111100000000000000000000001111111100110011001111111100000000000000000000001111111100110011001111111100000000000000000000001111111100110011001111111100000000000000000000001111111100000000000000000000000000000000000000000000000000000000000000000
000000000000000000000000000000000000000000000000000000000000000111111111000000000000000000000000111111111110011111111111000000000000000000000000111111111110011111111111000000000000000000000000111111111110011111111111000000000000000000000000111111111110011111111111000000000000000000000000111111111000000000000000000000000000000000000000000000000000000000000000
000000000000000000000000000000000000000000000000000000000000001111111110000000000000000000000000011111111110011111111110000000000000000000000000011111111110011111111110000000000000000000000000011111111110011111111110000000000000000000000000011111111110011111111110000000000000000000000000011111111100000000000000000000000000000000000000000000000000000000000000
000000000000000000000000000000000000000000000000000000000000111111111100000000000000000000000000001111111100001111111100000000000000000000000000001111111100001111111100000000000000000000000000001111111100001111111100000000000000000000000000001111111100001111111100000000000000000000000000001111111111000000000000000000000000000000000000000000000000000000000000
000000000000000000000000000000000000000000000000000000000000111111110000000000000000000000000000000011111111111111110000000000000000000000000000000011111111111111110000000000000000000000000000000011111111111111110000000000000000000000000000000011111111111111110000000000000000000000000000000011111111000000000000000000000000000000000000000000000000000000000000
000000000000000000000000000000000000000000000000000000000000011111000000000000000000000000000000000000111111111111000000000000000000000000000000000000111111111111000000000000000000000000000000000000111111111111000000000000000000000000000000000000111111111111000000000000000000000000000000000000111110000000000000000000000000000000000000000000000000000000000000
000000000000000000000000000000000000000000000000000000000000111111100000000000000000000000000000000001110111111111100000000000000000000000000000000001110111111011100000000000000000000000000000000001110111111011100000000000000000000000000000000001111111111011100000000000000000000000000000000001111111000000000000000000000000000000000000000000000000000000000000
000000000000000000000000000000000000000000000000000000000000111111111000000000000000000000000000000111111111111111111000000000000000000000000000000111111111111111111000000000000000000000000000000111111111111111111000000000000000000000000000000111111111111111111000000000000000000000000000000111111111000000000000000000000000000000000000000000000000000000000000
000000000000000000000000000000000000000000000000000000000000001111111110000000000000000000000000011111111100001111111110000000000000000000000000011111111100001111111110000000000000000000000000011111111100001111111110000000000000000000000000011111111100001111111110000000000000000000000000011111111100000000000000000000000000000000000000000000000000000000000000
000000000000000000000000000000000000000000000000000000000000000111111111000000000000000000000000111111111110011111111111000000000000000000000000111111111110011111111111000000000000000000000000111111111110011111111111000000000000000000000000111111111110011111111111000000000000000000000000111111111000000000000000000000000000000000000000000000000000000000000000
000000000000000000000000000000000000000000000000000000000000000011111111110000000000000000000011111111110110011011111111110000000000000000000011111111110110011011111111110000000000000000000011111111110110011011111111110000000000000000000011111111110110011011111111110000000000000000000011111111110000000000000000000000000000000000000000000000000000000000000000
000000000000000000000000000000000000000000000000000000000000000000111111111110000000000000011111111111000110011000111111111110000000000000011111111111000110011000111111111110000000000000011111111111000110011000111111111110000000000000011111111111000110011000111111111110000000000000011111111111000000000000000000000000000000000000000000000000000000000000000000
000000000000000000000000000000000000000000000000000000000000000000011111111111100000000001111111111110000110011000011111111111100000000001111111111110000110011000011111111111100000000001111111111110000110011000011111111111100000000001111111111110000110011000011111111111100000000001111111111110000000000000000000000000000000000000000000000000000000000000000000
000000000000000000000000000000000000000000000000000000000000000000000111111111111000000111111111111000000110011000000111111111111000000111111111111000000110011000000111111111111000000111111111111000000110011000000111111111111000000111111111111000000110011000000111111111111000000111111111111000000000000000000000000000000000000000000000000000000000000000000000
000000000000000000000000000000000000000000000000000000000000000000000001111101111100001111101111100000000110011000000001111101111100001111101111100000000110011000000001111101111100001111101111100000000110011000000001111101111100001111101111100000000110011000000001111101111100001111101111100000000000000000000000000000000000000000000000000000000000000000000000
000000000000000000000000000000000000000000000000000000000000000000000001111111111100001111111111100000000110011000000001111111111100001111111111100000000110011000000001111111111100001111111111100000000110011000000001111111111100001111111111100000000110011000000001111111111100001111111111100000000000000000000000000000000000000000000000000000000000000000000000
000000000000000000000000000000000000000000000000000000000000000000000000011111111111111111111110000000000110011000000000011111111111111111111110000000000110011000000000011111111111111111111110000000000110011000000000011111111111111111111110000000000110011000000000011111111111111111111110000000000000000000000000000000000000000000000000000000000000000000000000
000000000000000000000000000000000000000000000000000000000000000000000000000111111111111111111000000000000110011000000000000111111111111111111000000000000110011000000000000111111111111111111000000000000110011000000000000111111111111111111000000000000110011000000000000111111111111111111000000000000000000000000000000000000000000000000000000000000000000000000000
000000000000000000000000000000000000000000000000000000000000000000000000000001111111111111100000000000000110011000000000000001111111111111100000000000000110011000000000000001111111111111100000000000000110011000000000000001111111111111100000000000000110011000000000000001111111111111100000000000000000000000000000000000000000000000000000000000000000000000000000
000000000000000000000000000000000000000000000000000000000000000000000000000000011111111110000000000000000110011000000000000000011111111110000000000000000110011000000000000000011111111110000000000000000110011000000000000000011111111110000000000000000110011000000000000000011111111110000000000000000000000000000000000000000000000000000000000000000000000000000000
000000000000000000000000000000000000000000000000000000000000000000000000000000000111111000000000000000000110011000000000000000000111111000000000000000000110011000000000000000000111111000000000000000000110011000000000000000000111111000000000000000000110011000000000000000000111111000000000000000000000000000000000000000000000000000000000000000000000000000000000
000000000000000000000000000000000000000000000000000000000000000000000000000000000011110000000000000000000110011000000000000000000011110000000000000000000110011000000000000000000011110000000000000000000110011000000000000000000011110000000000000000000110011000000000000000000011110000000000000000000000000000000000000000000000000000000000000000000000000000000000
000000000000000000000000000000000000000000000000000000000000000000000000000000000011110000000000000000000110011000000000000000000011110000000000000000000110011000000000000000000011110000000000000000000110011000000000000000000011110000000000000000000110011000000000000000000011110000000000000000000000000000000000000000000000000000000000000000000000000000000000
000000000000000000000000000000000000000000000000000000000000000000000000000000000011110000000000000000000110011000000000000000000011110000000000000000000110011000000000000000000011110000000000000000000110011000000000000000000011110000000000000000000110011000000000000000000011110000000000000000000000000000000000000000000000000000000000000000000000000000000000
000000000000000000000000000000000000000000000000000000000000000000000000000000000011110000000000000000000110011000000000000000000011110000000000000000000110011000000000000000000011110000000000000000000110011000000000000000000011110000000000000000000110011000000000000000000011110000000000000000000000000000000000000000000000000000000000000000000000000000000000
000000000000000000000000000000000000000000000000000000000000000000000000000000000011110000000000000000000110011000000000000000000011110000000000000000000110011000000000000000000011110000000000000000000110011000000000000000000011110000000000000000000110011000000000000000000011110000000000000000000000000000000000000000000000000000000000000000000000000000000000
000000000000000000000000000000000000000000000000000000000000000000000000000000000011110000000000000000000110011000000000000000000011110000000000000000000110011000000000000000000011110000000000000000000110011000000000000000000011110000000000000000000110011000000000000000000011110000000000000000000000000000000000000000000000000000000000000000000000000000000000
000000000000000000000000000000000000000000000000000000000000000000000000000000000011110000000000000000000110011000000000000000000011110000000000000000000110011000000000000000000011110000000000000000000110011000000000000000000011110000000000000000000110011000000000000000000011110000000000000000000000000000000000000000000000000000000000000000000000000000000000
000000000000000000000000000000000000000000000000000000000000000000000000000000000011110000000000000000000110011000000000000000000011110000000000000000000110011000000000000000000011110000000000000000000110011000000000000000000011110000000000000000000110011000000000000000000011110000000000000000000000000000000000000000000000000000000000000000000000000000000000
000000000000000000000000000000000000000000000000000000000000011000000000000000000011110000000000000000000110011000000000000000000011110000000000000000000110011000000000000000000011110000000000000000000110011000000000000000000011110000000000000000000110011000000000000000000011110000000000000000000110000000000000000000000000000000000000000000000000000000000000
000000000000000000000000000000000000000000000000000000000000111100000000000000000011110000000000000000000111111000000000000000000011110000000000000000000111111000000000000000000011110000000000000000000111111000000000000000000011110000000000000000000111111000000000000000000011110000000000000000001111000000000000000000000000000000000000000000000000000000000000
000000000000000000000000000000000000000000000000000000000000111100000000000000000011110000000000000000000111111000000000000000000011110000000000000000000111111000000000000000000011110000000000000000000111111000000000000000000011110000000000000000000111111000000000000000000011110000000000000000001111000000000000000000000000000000000000000000000000000000000000
000000000000000000000000000000000000000000000000000000000000111110000000000000000011110000000000000000011111111110000000000000000011110000000000000000011111111110000000000000000011110000000000000000011111111110000000000000000011110000000000000000011111111110000000000000000011110000000000000000011111000000000000000000000000000000000000000000000000000000000000
000000000000000000000000000000000000000000000000000000000000111111100000000000000011110000000000000001111111111111100000000000000011110000000000000001111111111111100000000000000011110000000000000001111111111111100000000000000011110000000000000001111111111111100000000000000011110000000000000001111111000000000000000000000000000000000000000000000000000000000000
000000000000000000000000000000000000000000000000000000000000111111111000000000000011110000000000000111111111111111111000000000000011110000000000000111111111111111111000000000000011110000000000000111111111111111111000000000000011110000000000000111111111111111111000000000000011110000000000000111111111000000000000000000000000000000000000000000000000000000000000
000000000000000000000000000000000000000000000000000000000000011111111110000000000011110000000000011111111110011111111110000000000011110000000000011111111110011111111110000000000011110000000000011111111110011111111110000000000011110000000000011111111110011111111110000000000011110000000000011111111110000000000000000000000000000000000000000000000000000000000000
000000000000000000000000000000000000000000000000000000000000001111111111000000000011110000000000111111111100001111111111000000000011110000000000111111111100001111111111000000000011110000000000111111111100001111111111000000000011110000000000111111111100001111111111000000000011110000000000111111111100000000000000000000000000000000000000000000000000000000000000
000000000000000000000000000000000000000000000000000000000000000011111111110000000011110000000011111111110000000011111111110000000011110000000011111111110000000011111111110000000011110000000011111111110000000011111111110000000011110000000011111111110000000011111111110000000011110000000011111111110000000000000000000000000000000000000000000000000000000000000000
000000000000000000000000000000000000000000000000000000000000000000111111111110000011110000011111111111000000000000111111111110000011110000011111111111000000000000111111111110000011110000011111111111000000000000111111111110000011110000011111111111000000000000111111111110000011110000011111111111000000000000000000000000000000000000000000000000000000000000000000
000000000000000000000000000000000000000000000000000000000000000000011111111111100011110001111111111110000000000000011111111111100011110001111111111110000000000000011111111111100011110001111111111110000000000000011111111111100011110001111111111110000000000000011111111111100011110001111111111110000000000000000000000000000000000000000000000000000000000000000000
000000000000000000000000000000000000000000000000000000000000000000000111111111111011110111111111111000000000000000000111111111111011110111111111111000000000000000000111111111111011110111111111111000000000000000000111111111111011110111111111111000000000000000000111111111111011110111111111111000000000000000000000000000000000000000000000000000000000000000000000
000000000000000000000000000000000000000000000000000000000000000000000001111111111111111111111111100000000000000000000001111111111111111111111111100000000000000000000001111111111111111111111111100000000000000000000001111111111111111111111111100000000000000000000001111111111111111111111111100000000000000000000000000000000000000000000000000000000000000000000000
000000000000000000000000000000000000000000000000000000000000000000000000011111111111111111111110000000000000000000000000011111111111111111111110000000000000000000000000011111111111111111111110000000000000000000000000011111111111111111111110000000000000000000000000011111111111111111111110000000000000000000000000000000000000000000000000000000000000000000000000
000000000000000000000000000000000000000000000000000000000000000000000000000111111111111111111000000000000000000000000000000111111111111111111000000000000000000000000000000111111111111111111000000000000000000000000000000111111111111111111000000000000000000000000000000111111111111111111000000000000000000000000000000000000000000000000000000000000000000000000000
000000000000000000000000000000000000000000000000000000000000000000000000000001111011110111100000000000000000000000000000000001111011110111100000000000000000000000000000000001111011110111100000000000000000000000000000000001111011110111100000000000000000000000000000000001111011110111100000000000000000000000000000000000000000000000000000000000000000000000000000
000000000000000000000000000000000000000000000000000000000000000000000000000000111111111111000000000000000000000000000000000000111011110111000000000000000000000000000000000000111011110111000000000000000000000000000000000000111011110111000000000000000000000000000000000000111111111111000000000000000000000000000000000000000000000000000000000000000000000000000000
000000000000000000000000000000000000000000000000000000000000000000000000000001111111111111110000000000000000000000000000000001111011110111110000000000000000000000000000000011111011110111110000000000000000000000000000000011111011110111100000000000000000000000000000000011111111111111100000000000000000000000000000000000000000000000000000000000000000000000000000
000000000000000000000000000000000000000000000000000000000000000000000000000001111111111111111000000000000000000000000000000001111011110111111000000000000000000000000000000111111011110111111000000000000000000000000000000111111011110111100000000000000000000000000000000111111111111111100000000000000000000000000000000000000000000000000000000000000000000000000000
000000000000000000000000000000000000000000000000000000000000000000000000001111111111111111111100000000000000000000000000001111111111111111111100000000000000000000000000001111111111111111111100000000000000000000000000001111111111111111111100000000000000000000000000001111111111111111111100000000000000000000000000000000000000000000000000000000000000000000000000
000000000000000000000000000000000000000000000000000000000000000000000000111111111111111111111111000000000000000000000000111111111111111111111111000000000000000000000000111111111111111111111111000000000000000000000000111111111111111111111111000000000000000000000000111111111111111111111111000000000000000000000000000000000000000000000000000000000000000000000000
000000000000000000000000000000000000000000000000000000000000000000000011111111111011110111111111110000000000000000000011111111111011111111111111110000000000000000000011111111111011110111111111110000000000000000000011111111111111110111111111110000000000000000000011111111111011110111111111110000000000000000000000000000000000000000000000000000000000000000000000
000000000000000000000000000000000000000000000000000000000000000000001111111111110011110011111111111100000000000000001111111111110011110011111111111100000000000000001111101111110011110011111101111100000000000000001111111111110011110011111111111100000000000000001111111111110011110011111111111100000000000000000000000000000000000000000000000000000000000000000000
000000000000000000000000000000000000000000000000000000000000000000011111111111000011110000111111111110000000000000011111111111000011110000111111111110000000000000011111111111000011110000111111111110000000000000011111111111000011110000111111111110000000000000011111111111000011110000111111111110000000000000000000000000000000000000000000000000000000000000000000
000000000000000000000000000000000000000000000000000000000000000001111111111000000011110000000111111111100000000001111111111000000011110000000111111111100000000001111111111000000011110000000111111111100000000001111111111000000011110000000111111111100000000001111111111000000011110000000111111111100000000000000000000000000000000000000000000000000000000000000000
000000000000000000000000000000000000000000000000000000000000000111111111100000000011110000000001111111111000000111111111100000000011110000000001111111111000000111111111100000000011110000000001111111111000000111111111100000000011110000000001111111111000000111111111100000000011110000000001111111111000000000000000000000000000000000000000000000000000000000000000
000000000000000000000000000000000000000000000000000000000000011111111111000000000011110000000000111111111110011111111111000000000011110000000000111111111110011111111111000000000011110000000000111111111110011111111111000000000011110000000000111111111110011111111111000000000011110000000000111111111110000000000000000000000000000000000000000000000000000000000000
000000000000000000000000000000000000000000000000000000000000111111111100000000000011110000000000001111111111111111111100000000000011110000000000001111111111111111111100000000000011110000000000001111111111111111111100000000000011110000000000001111111111111111111100000000000011110000000000001111111111000000000000000000000000000000000000000000000000000000000000
000000000000000000000000000000000000000000000000000000000000111111110000000000000011110000000000000011111111111111110000000000000011110000000000000011111111111111110000000000000011110000000000000011111111111111110000000000000011110000000000000011111111111111110000000000000011110000000000000011111111000000000000000000000000000000000000000000000000000000000000
000000000000000000000000000000000000000000000000000000000000011111000000000000000011110000000000000000111110011111000000000000000011110000000000000000111110011111000000000000000011110000000000000000111110011111000000000000000011110000000000000000111110011111000000000000000011110000000000000000111110000000000000000000000000000000000000000000000000000000000000
000000000000000000000000000000000000000000000000000000000000111100000000000000000011110000000000000000001111111100000000000000000011110000000000000000001111111100000000000000000011110000000000000000001111111100000000000000000011110000000000000000001111111100000000000000000011110000000000000000001111000000000000000000000000000000000000000000000000000000000000
000000000000000000000000000000000000000000000000000000000000111000000000000000000011110000000000000000000111111000000000000000000011110000000000000000000111111000000000000000000011110000000000000000000111111000000000000000000011110000000000000000000111111000000000000000000011110000000000000000000111000000000000000000000000000000000000000000000000000000000000
000000000000000000000000000000000000000000000000000000000000011000000000000000000011110000000000000000000110011000000000000000000011110000000000000000000110011000000000000000000011110000000000000000000110011000000000000000000011110000000000000000000110011000000000000000000011110000000000000000000110000000000000000000000000000000000000000000000000000000000000
000000000000000000000000000000000000000000000000000000000000000000000000000000000011110000000000000000000110011000000000000000000011110000000000000000000110011000000000000000000011110000000000000000000110011000000000000000000011110000000000000000000110011000000000000000000011110000000000000000000000000000000000000000000000000000000000000000000000000000000000
000000000000000000000000000000000000000000000000000000000000000000000000000000000011110000000000000000000110011000000000000000000011110000000000000000000110011000000000000000000011110000000000000000000110011000000000000000000011110000000000000000000110011000000000000000000011110000000000000000000000000000000000000000000000000000000000000000000000000000000000
000000000000000000000000000000000000000000000000000000000000000000000000000000000011110000000000000000000110011000000000000000000011110000000000000000000110011000000000000000000011110000000000000000000110011000000000000000000011110000000000000000000110011000000000000000000011110000000000000000000000000000000000000000000000000000000000000000000000000000000000
000000000000000000000000000000000000000000000000000000000000000000000000000000000011110000000000000000000110011000000000000000000011110000000000000000000110011000000000000000000011110000000000000000000110011000000000000000000011110000000000000000000110011000000000000000000011110000000000000000000000000000000000000000000000000000000000000000000000000000000000
000000000000000000000000000000000000000000000000000000000000000000000000000000000011110000000000000000000110011000000000000000000011110000000000000000000110011000000000000000000011110000000000000000000110011000000000000000000011110000000000000000000110011000000000000000000011110000000000000000000000000000000000000000000000000000000000000000000000000000000000
000000000000000000000000000000000000000000000000000000000000000000000000000000000011110000000000000000000110011000000000000000000011110000000000000000000110011000000000000000000011110000000000000000000110011000000000000000000011110000000000000000000110011000000000000000000011110000000000000000000000000000000000000000000000000000000000000000000000000000000000
000000000000000000000000000000000000000000000000000000000000000000000000000000000011110000000000000000000110011000000000000000000011110000000000000000000110011000000000000000000011110000000000000000000110011000000000000000000011110000000000000000000110011000000000000000000011110000000000000000000000000000000000000000000000000000000000000000000000000000000000
000000000000000000000000000000000000000000000000000000000000000000000000000000000011110000000000000000000110011000000000000000000011110000000000000000000110011000000000000000000011110000000000000000000110011000000000000000000011110000000000000000000110011000000000000000000011110000000000000000000000000000000000000000000000000000000000000000000000000000000000
000000000000000000000000000000000000000000000000000000000000000000000000000000000011110000000000000000000110011000000000000000000011110000000000000000000110011000000000000000000011110000000000000000000110011000000000000000000011110000000000000000000110011000000000000000000011110000000000000000000000000000000000000000000000000000000000000000000000000000000000
000000000000000000000000000000000000000000000000000000000000000000000000000000001111111100000000000000000110011000000000000000001111111100000000000000000110011000000000000000001111111100000000000000000110011000000000000000001111111100000000000000000110011000000000000000001111111100000000000000000000000000000000000000000000000000000000000000000000000000000000
000000000000000000000000000000000000000000000000000000000000000000000000000000111111111111000000000000000110011000000000000000111110011111000000000000000110011000000000000000111110011111000000000000000110011000000000000000111110011111000000000000000110011000000000000000111111111111000000000000000000000000000000000000000000000000000000000000000000000000000000
000000000000000000000000000000000000000000000000000000000000000000000000000001111111111111100000000000000110011000000000000001111111111111100000000000000110011000000000000001111111111111100000000000000110011000000000000001111111111111100000000000000110011000000000000001111111111111100000000000000000000000000000000000000000000000000000000000000000000000000000
000000000000000000000000000000000000000000000000000000000000000000000000001111111111111111111100000000000110011000000000001111111111111111111100000000000110011000000000001111111111111111111100000000000110011000000000001111111111111111111100000000000110011000000000001111111111111111111100000000000000000000000000000000000000000000000000000000000000000000000000
000000000000000000000000000000000000000000000000000000000000000000000000111111111110011111111111000000000110011000000000111111111110011111111111000000000110011000000000111111111110011111111111000000000110011000000000111111111110011111111111000000000110011000000000111111111110011111111111000000000000000000000000000000000000000000000000000000000000000000000000
000000000000000000000000000000000000000000000000000000000000000000000011111111111000000111111111110000000110011000000011111111111100001111111111110000000110011000000011111111111000000111111111110000000110011000000011111111111100001111111111110000000110011000000011111111111000000111111111110000000000000000000000000000000000000000000000000000000000000000000000
000000000000000000000000000000000000000000000000000000000000000000001111111111110000000011111111111100000110011000001111111111110000000011111111111100000110011000001111111111110000000011111111111100000110011000001111111111110000000011111111111100000110011000001111111111110000000011111111111100000000000000000000000000000000000000000000000000000000000000000000
000000000000000000000000000000000000000000000000000000000000000000011111111111000000000000111111111110000110011000011111111111000000000000111111111110000110011000011111111111000000000000111111111110000110011000011111111111000000000000111111111110000110011000011111111111000000000000111111111110000000000000000000000000000000000000000000000000000000000000000000
000000000000000000000000000000000000000000000000000000000000000000011111111111000000000000111111111110000110011000011111111111000000000000111111111110000110011000011111111111000000000000111111111110000110011000011111111111000000000000111111111110000110011000011111111111000000000000111111111110000000000000000000000000000000000000000000000000000000000000000000
000000000000000000000000000000000000000000000000000000000000000001111111111000000000000000000111111111100110011001111111111000000000000000000111111111100110011001111111111000000000000000000111111111100110011001111111111000000000000000000111111111100110011001111111111000000000000000000111111111100000000000000000000000000000000000000000000000000000000000000000
000000000000000000000000000000000000000000000000000000000000000111111111100000000000000000000001111111111110011111111111100000000000000000000001111111111110011111111111100000000000000000000001111111111110011111111111100000000000000000000001111111111110011111111111100000000000000000000001111111111000000000000000000000000000000000000000000000000000000000000000
000000000000000000000000000000000000000000000000000000000000001111111111000000000000000000000000111111111110011111111111000000000000000000000000111111111110011111111111000000000000000000000000111111111110011111111111000000000000000000000000111111111110011111111111000000000000000000000000111111111100000000000000000000000000000000000000000000000000000000000000
000000000000000000000000000000000000000000000000000000000000111111111100000000000000000000000000001111111100001111111100000000000000000000000000001111111111101111111100000000000000000000000000001111111101111111111100000000000000000000000000001111111100001111111100000000000000000000000000001111111111000000000000000000000000000000000000000000000000000000000000
000000000000000000000000000000000000000000000000000000000000111111110000000000000000000000000000000011111111111111110000000000000000000000000000000011111111111111110000000000000000000000000000000011111111111111110000000000000000000000000000000011111111111111110000000000000000000000000000000011111111000000000000000000000000000000000000000000000000000000000000
000000000000000000000000000000000000000000000000000000000000011111000000000000000000000000000000000000111111111111000000000000000000000000000000000000111111111111000000000000000000000000000000000000111111111111000000000000000000000000000000000000111111111111000000000000000000000000000000000000111110000000000000000000000000000000000000000000000000000000000000
000000000000000000000000000000000000000000000000000000000000111111100000000000000000000000000000000001111111111111100000000000000000000000000000000001110111111011100000000000000000000000000000000001110111111011100000000000000000000000000000000001111111111111100000000000000000000000000000000001111111000000000000000000000000000000000000000000000000000000000000
000000000000000000000000000000000000000000000000000000000000111111111000000000000000000000000000000111111111111111111000000000000000000000000000000111111111111111111000000000000000000000000000000111111111111111111000000000000000000000000000000111111111111111111000000000000000000000000000000111111111000000000000000000000000000000000000000000000000000000000000
000000000000000000000000000000000000000000000000000000000000001111111110000000000000000000000000011111011100001111111110000000000000000000000000011111111100001111111110000000000000000000000000011111111100001111111110000000000000000000000000011111111100001110111110000000000000000000000000011111111100000000000000000000000000000000000000000000000000000000000000
000000000000000000000000000000000000000000000000000000000000000111111111000000000000000000000000111111111110011111111111000000000000000000000000111111111110011111111111000000000000000000000000111111111110011111111111000000000000000000000000111111111110011111111111000000000000000000000000111111111000000000000000000000000000000000000000000000000000000000000000
000000000000000000000000000000000000000000000000000000000000000011111111110000000000000000000011111111110110011011111111110000000000000000000011111111110110011011111111110000000000000000000011111111110110011011111111110000000000000000000011111111110110011011111111110000000000000000000011111111110000000000000000000000000000000000000000000000000000000000000000
000000000000000000000000000000000000000000000000000000000000000000111111111110000000000000011111111111000110011000111111111110000000000000011111111111000110011000111111111110000000000000011111111111000110011000111111111110000000000000011111111111000110011000111111111110000000000000011111111111000000000000000000000000000000000000000000000000000000000000000000
000000000000000000000000000000000000000000000000000000000000000000011111111111100000000001111111111100000110011000011111111111100000000001111111111110000110011000011111111111100000000001111111111110000110011000011111111111100000000001111111111110000110011000001111111111100000000001111111111110000000000000000000000000000000000000000000000000000000000000000000
000000000000000000000000000000000000000000000000000000000000000000000111111111111000000111111111111000000110011000000111111111111000000111111111111000000110011000000111111111111000000111111111111000000110011000000111111111111000000111111111111000000110011000000111111111111000000111111111111000000000000000000000000000000000000000000000000000000000000000000000
000000000000000000000000000000000000000000000000000000000000000000000001111101111100001111101111100000000110011000000001111101111100001111101111100000000110011000000001111101111100001111101111100000000110011000000001111101111100001111101111100000000110011000000001111101111100001111101111100000000000000000000000000000000000000000000000000000000000000000000000
000000000000000000000000000000000000000000000000000000000000000000000001111111111100001111111111100000000110011000000001111111111100001111111111100000000110011000000001111111111100001111111111100000000110011000000001111111111100001111111111100000000110011000000001111111111100001111111111100000000000000000000000000000000000000000000000000000000000000000000000
000000000000000000000000000000000000000000000000000000000000000000000000011111111111111111111110000000000110011000000000011111111111111111111110000000000110011000000000011111111111111111111110000000000110011000000000011111111111111111111110000000000110011000000000011111111111111111111110000000000000000000000000000000000000000000000000000000000000000000000000
000000000000000000000000000000000000000000000000000000000000000000000000000111111111111111111000000000000110011000000000000111111111111111111000000000000110011000000000000111111111111111111000000000000110011000000000000111111111111111111000000000000110011000000000000111111111111111111000000000000000000000000000000000000000000000000000000000000000000000000000
000000000000000000000000000000000000000000000000000000000000000000000000000001111111111111000000000000000110011000000000000001111111111111100000000000000110011000000000000000111111111111000000000000000110011000000000000001111111111111100000000000000110011000000000000000111111111111100000000000000000000000000000000000000000000000000000000000000000000000000000
000000000000000000000000000000000000000000000000000000000000000000000000000000011111111110000000000000000110011000000000000000011111111110000000000000000110011000000000000000011111111110000000000000000110011000000000000000011111111110000000000000000110011000000000000000011111111110000000000000000000000000000000000000000000000000000000000000000000000000000000
000000000000000000000000000000000000000000000000000000000000000000000000000000000111111000000000000000000110011000000000000000000111111000000000000000000110011000000000000000000111111000000000000000000110011000000000000000000111111000000000000000000110011000000000000000000111111000000000000000000000000000000000000000000000000000000000000000000000000000000000
000000000000000000000000000000000000000000000000000000000000000000000000000000000011110000000000000000000110011000000000000000000011110000000000000000000110011000000000000000000011110000000000000000000110011000000000000000000011110000000000000000000110011000000000000000000011110000000000000000000000000000000000000000000000000000000000000000000000000000000000
000000000000000000000000000000000000000000000000000000000000000000000000000000000011110000000000000000000110011000000000000000000011110000000000000000000110011000000000000000000011110000000000000000000110011000000000000000000011110000000000000000000110011000000000000000000011110000000000000000000000000000000000000000000000000000000000000000000000000000000000
000000000000000000000000000000000000000000000000000000000000000000000000000000000011110000000000000000000110011000000000000000000011110000000000000000000110011000000000000000000011110000000000000000000110011000000000000000000011110000000000000000000110011000000000000000000011110000000000000000000000000000000000000000000000000000000000000000000000000000000000
000000000000000000000000000000000000000000000000000000000000000000000000000000000011110000000000000000000110011000000000000000000011110000000000000000000110011000000000000000000011110000000000000000000110011000000000000000000011110000000000000000000110011000000000000000000011110000000000000000000000000000000000000000000000000000000000000000000000000000000000
000000000000000000000000000000000000000000000000000000000000000000000000000000000011110000000000000000000110011000000000000000000011110000000000000000000110011000000000000000000011110000000000000000000110011000000000000000000011110000000000000000000110011000000000000000000011110000000000000000000000000000000000000000000000000000000000000000000000000000000000
000000000000000000000000000000000000000000000000000000000000000000000000000000000011110000000000000000000110011000000000000000000011110000000000000000000110011000000000000000000011110000000000000000000110011000000000000000000011110000000000000000000110011000000000000000000011110000000000000000000000000000000000000000000000000000000000000000000000000000000000
000000000000000000000000000000000000000000000000000000000000000000000000000000000011110000000000000000000110011000000000000000000011110000000000000000000110011000000000000000000011110000000000000000000110011000000000000000000011110000000000000000000110011000000000000000000011110000000000000000000000000000000000000000000000000000000000000000000000000000000000
000000000000000000000000000000000000000000000000000000000000000000000000000000000011110000000000000000000110011000000000000000000011110000000000000000000110011000000000000000000011110000000000000000000110011000000000000000000011110000000000000000000110011000000000000000000011110000000000000000000000000000000000000000000000000000000000000000000000000000000000
000000000000000000000000000000000000000000000000000000000000011000000000000000000011110000000000000000000110011000000000000000000011110000000000000000000110011000000000000000000011110000000000000000000110011000000000000000000011110000000000000000000110011000000000000000000011110000000000000000000110000000000000000000000000000000000000000000000000000000000000
000000000000000000000000000000000000000000000000000000000000111100000000000000000011110000000000000000000111011100000000000000000011110000000000000000000111111000000000000000000011110000000000000000000111111000000000000000000011110000000000000000001110111000000000000000000011110000000000000000001111000000000000000000000000000000000000000000000000000000000000
000000000000000000000000000000000000000000000000000000000000111100000000000000000011110000000000000000000111111100000000000000000011110000000000000000000111111000000000000000000011110000000000000000000111111000000000000000000011110000000000000000001111111000000000000000000011110000000000000000001111000000000000000000000000000000000000000000000000000000000000
000000000000000000000000000000000000000000000000000000000000111110000000000000000011110000000000000000011111111110000000000000000011110000000000000000011111111110000000000000000011110000000000000000011111111110000000000000000011110000000000000000011111111110000000000000000011110000000000000000011111000000000000000000000000000000000000000000000000000000000000
000000000000000000000000000000000000000000000000000000000000111111100000000000000011110000000000000001111111111111100000000000000011110000000000000001111111111111100000000000000011110000000000000001111111111111100000000000000011110000000000000001111111111111100000000000000011110000000000000001111111000000000000000000000000000000000000000000000000000000000000
000000000000000000000000000000000000000000000000000000000000111111111000000000000011110000000000000111111111111111111000000000000011110000000000000111111111111111111000000000000011110000000000000111111111111111111000000000000011110000000000000111111111111111111000000000000011110000000000000111111111000000000000000000000000000000000000000000000000000000000000
000000000000000000000000000000000000000000000000000000000000011111111110000000000011110000000000011111111110011111111110000000000011110000000000011111111110011111111110000000000011110000000000011111111110011111111110000000000011110000000000011111111110011111111110000000000011110000000000011111111110000000000000000000000000000000000000000000000000000000000000
000000000000000000000000000000000000000000000000000000000000001111111111000000000011110000000000111111111100001111111111000000000011110000000000111111111100001111111111000000000011110000000000111111111100001111111111000000000011110000000000111111111100001111111111000000000011110000000000111111111100000000000000000000000000000000000000000000000000000000000000
000000000000000000000000000000000000000000000000000000000000000011111111110000000011110000000011111111110000000011111111110000000011110000000011111111110000000011111111110000000011110000000011111111110000000011111111110000000011110000000011111111110000000011111111110000000011110000000011111111110000000000000000000000000000000000000000000000000000000000000000
000000000000000000000000000000000000000000000000000000000000000000111111111110000011110000011111111111000000000000111111111110000011110000011111111111000000000000111111111110000011110000011111111111000000000000111111111110000011110000011111111111000000000000111111111110000011110000011111111111000000000000000000000000000000000000000000000000000000000000000000
000000000000000000000000000000000000000000000000000000000000000000001111111111100011110001111111111100000000000000011111111111100011110001111111111110000000000000001111111111100011110001111111111100000000000000011111111111100011110001111111111110000000000000001111111111100011110001111111111100000000000000000000000000000000000000000000000000000000000000000000
000000000000000000000000000000000000000000000000000000000000000000000111111111111011110111111111111000000000000000000111111111111011110111111111111000000000000000000111111111111011110111111111111000000000000000000111111111111011110111111111111000000000000000000111111111111011110111111111111000000000000000000000000000000000000000000000000000000000000000000000
000000000000000000000000000000000000000000000000000000000000000000000001111111111111111111111111100000000000000000000001111111111111111111111111100000000000000000000001111111111111111111111111100000000000000000000001111111111111111111111111100000000000000000000001111111111111111111111111100000000000000000000000000000000000000000000000000000000000000000000000
000000000000000000000000000000000000000000000000000000000000000000000000011111111111111111111110000000000000000000000000011111111111111111111110000000000000000000000000011111111111111111111110000000000000000000000000011111111111111111111110000000000000000000000000011111111111111111111110000000000000000000000000000000000000000000000000000000000000000000000000
000000000000000000000000000000000000000000000000000000000000000000000000000111111111111111111000000000000000000000000000000111111111111111111000000000000000000000000000000111111111111111111000000000000000000000000000000111111111111111111000000000000000000000000000000111111111111111111000000000000000000000000000000000000000000000000000000000000000000000000000
000000000000000000000000000000000000000000000000000000000000000000000000000001111011110111100000000000000000000000000000000001111011110111100000000000000000000000000000000001111011110111100000000000000000000000000000000001111011110111100000000000000000000000000000000001111011110111100000000000000000000000000000000000000000000000000000000000000000000000000000
000000000000000000000000000000000000000000000000000000000000000000000000000000111111111111000000000000000000000000000000000000111011110111000000000000000000000000000000000000111011110111000000000000000000000000000000000000111011110111000000000000000000000000000000000000111111111111000000000000000000000000000000000000000000000000000000000000000000000000000000
000000000000000000000000000000000000000000000000000000000000000000000000000001111111111111100000000000000000000000000000000001111011110111100000000000000000000000000000000001111011110111100000000000000000000000000000000001111011110111100000000000000000000000000000000001111111111111100000000000000000000000000000000000000000000000000000000000000000000000000000
000000000000000000000000000000000000000000000000000000000000000000000000000001111111111111100000000000000000000000000000000001111011110111100000000000000000000000000000000001111011110111100000000000000000000000000000000001111011110111100000000000000000000000000000000001111111111111100000000000000000000000000000000000000000000000000000000000000000000000000000
000000000000000000000000000000000000000000000000000000000000000000000000001111111111111111111100000000000000000000000000001111111111111111111100000000000000000000000000001111111111111111111100000000000000000000000000001111111111111111111100000000000000000000000000001111111111111111111100000000000000000000000000000000000000000000000000000000000000000000000000
000000000000000000000000000000000000000000000000000000000000000000000000111111111111111111111111000000000000000000000000111111111111111111111111000000000000000000000000111111111111111111111111000000000000000000000000111111111111111111111111000000000000000000000000111111111111111111111111000000000000000000000000000000000000000000000000000000000000000000000000
000000000000000000000000000000000000000000000000000000000000000000000011111111111011110111111111110000000000000000000011111111111011110111111111110000000000000000000011111111111011110111111111110000000000000000000011111111111011110111111111110000000000000000000011111111111011110111111111110000000000000000000000000000000000000000000000000000000000000000000000
000000000000000000000000000000000000000000000000000000000000000000001111111111110011110011111111111100000000000000001111111111110011110011111111111100000000000000001111111111110011110011111111111100000000000000001111111111110011110011111111111100000000000000001111111111110011110011111111111100000000000000000000000000000000000000000000000000000000000000000000
000000000000000000000000000000000000000000000000000000000000000000011111111111000011110000111111111110000000000000011111111111000011110000111111111110000000000000011111111111000011110000111111111110000000000000011111111111000011110000111111111110000000000000011111111111000011110000111111111110000000000000000000000000000000000000000000000000000000000000000000
000000000000000000000000000000000000000000000000000000000000000001111111111000000011110000000111111111100000000001111111111000000011110000000111111111100000000001111111111000000011110000000111111111100000000001111111111000000011110000000111111111100000000001111111111000000011110000000111111111100000000000000000000000000000000000000000000000000000000000000000
000000000000000000000000000000000000000000000000000000000000000111111111100000000011110000000001111111111000000111111111100000000011110000000001111111111000000111111111100000000011110000000001111111111000000111111111100000000011110000000001111111111000000111111111100000000011110000000001111111111000000000000000000000000000000000000000000000000000000000000000
000000000000000000000000000000000000000000000000000000000000011111111111000000000011110000000000111111111110011111111111000000000011110000000000111111111110011111111111000000000011110000000000111111111110011111111111000000000011110000000000111111111110011111111111000000000011110000000000111111111110000000000000000000000000000000000000000000000000000000000000
000000000000000000000000000000000000000000000000000000000000111111111100000000000011110000000000001111111111111111111100000000000011110000000000001111111111111111111100000000000011110000000000001111111111111111111100000000000011110000000000001111111111111111111100000000000011110000000000001111111111000000000000000000000000000000000000000000000000000000000000
000000000000000000000000000000000000000000000000000000000000111111110000000000000011110000000000000011111111111111110000000000000011110000000000000011111111111111110000000000000011110000000000000011111111111111110000000000000011110000000000000011111111111111110000000000000011110000000000000011111111000000000000000000000000000000000000000000000000000000000000
000000000000000000000000000000000000000000000000000000000000111111000000000000000011110000000000000000111110011111000000000000000011110000000000000000111110011111000000000000000011110000000000000000111110011111000000000000000011110000000000000000111110011111000000000000000011110000000000000000111111000000000000000000000000000000000000000000000000000000000000
000000000000000000000000000000000000000000000000000000000000111100000000000000000011110000000000000000001111111100000000000000000011110000000000000000001111111100000000000000000011110000000000000000001111111100000000000000000011110000000000000000001111111100000000000000000011110000000000000000001111000000000000000000000000000000000000000000000000000000000000
000000000000000000000000000000000000000000000000000000000000111000000000000000000011110000000000000000000111111000000000000000000011110000000000000000000111111000000000000000000011110000000000000000000111111000000000000000000011110000000000000000000111111000000000000000000011110000000000000000000111000000000000000000000000000000000000000000000000000000000000
000000000000000000000000000000000000000000000000000000000000011000000000000000000011110000000000000000000110011000000000000000000011110000000000000000000110011000000000000000000011110000000000000000000110011000000000000000000011110000000000000000000110011000000000000000000011110000000000000000000110000000000000000000000000000000000000000000000000000000000000
000000000000000000000000000000000000000000000000000000000000000000000000000000000011110000000000000000000110011000000000000000000011110000000000000000000110011000000000000000000011110000000000000000000110011000000000000000000011110000000000000000000110011000000000000000000011110000000000000000000000000000000000000000000000000000000000000000000000000000000000
000000000000000000000000000000000000000000000000000000000000000000000000000000000011110000000000000000000110011000000000000000000011110000000000000000000110011000000000000000000011110000000000000000000110011000000000000000000011110000000000000000000110011000000000000000000011110000000000000000000000000000000000000000000000000000000000000000000000000000000000
000000000000000000000000000000000000000000000000000000000000000000000000000000000011110000000000000000000110011000000000000000000011110000000000000000000110011000000000000000000011110000000000000000000110011000000000000000000011110000000000000000000110011000000000000000000011110000000000000000000000000000000000000000000000000000000000000000000000000000000000
000000000000000000000000000000000000000000000000000000000000000000000000000000000011110000000000000000000110011000000000000000000011110000000000000000000110011000000000000000000011110000000000000000000110011000000000000000000011110000000000000000000110011000000000000000000011110000000000000000000000000000000000000000000000000000000000000000000000000000000000
000000000000000000000000000000000000000000000000000000000000000000000000000000000011110000000000000000000110011000000000000000000011110000000000000000000110011000000000000000000011110000000000000000000110011000000000000000000011110000000000000000000110011000000000000000000011110000000000000000000000000000000000000000000000000000000000000000000000000000000000
000000000000000000000000000000000000000000000000000000000000000000000000000000000011110000000000000000000110011000000000000000000011110000000000000000000110011000000000000000000011110000000000000000000110011000000000000000000011110000000000000000000110011000000000000000000011110000000000000000000000000000000000000000000000000000000000000000000000000000000000
000000000000000000000000000000000000000000000000000000000000000000000000000000000011110000000000000000000110011000000000000000000011110000000000000000000110011000000000000000000011110000000000000000000110011000000000000000000011110000000000000000000110011000000000000000000011110000000000000000000000000000000000000000000000000000000000000000000000000000000000
000000000000000000000000000000000000000000000000000000000000000000000000000000000011110000000000000000000110011000000000000000000011110000000000000000000110011000000000000000000011110000000000000000000110011000000000000000000011110000000000000000000110011000000000000000000011110000000000000000000000000000000000000000000000000000000000000000000000000000000000
000000000000000000000000000000000000000000000000000000000000000000000000000000000011110000000000000000000110011000000000000000000011110000000000000000000110011000000000000000000011110000000000000000000110011000000000000000000011110000000000000000000110011000000000000000000011110000000000000000000000000000000000000000000000000000000000000000000000000000000000
000000000000000000000000000000000000000000000000000000000000000000000000000000001111111100000000000000000110011000000000000000001111111100000000000000000110011000000000000000001111111100000000000000000110011000000000000000001111111100000000000000000110011000000000000000001111111100000000000000000000000000000000000000000000000000000000000000000000000000000000
000000000000000000000000000000000000000000000000000000000000000000000000000000111111111111000000000000000110011000000000000000111110011111000000000000000110011000000000000000111110011111000000000000000110011000000000000000111110011111000000000000000110011000000000000000111111111111000000000000000000000000000000000000000000000000000000000000000000000000000000
000000000000000000000000000000000000000000000000000000000000000000000000000001111111111111100000000000000110011000000000000001111111111111100000000000000110011000000000000001111111111111100000000000000110011000000000000001111111111111100000000000000110011000000000000001111111111111100000000000000000000000000000000000000000000000000000000000000000000000000000
000000000000000000000000000000000000000000000000000000000000000000000000001111111111111111111100000000000110011000000000001111111111111111111100000000000110011000000000001111111111111111111100000000000110011000000000001111111111111111111100000000000110011000000000001111111111111111111100000000000000000000000000000000000000000000000000000000000000000000000000
000000000000000000000000000000000000000000000000000000000000000000000000111111111110011111111111000000000110011000000000111111111110011111111111000000000110011000000000111111111110011111111111000000000110011000000000111111111110011111111111000000000110011000000000111111111110011111111111000000000000000000000000000000000000000000000000000000000000000000000000
000000000000000000000000000000000000000000000000000000000000000000000011111111111100001111111111110000000110011000000011111111111100001111111111110000000110011000000011111111111100001111111111110000000110011000000011111111111100001111111111110000000110011000000011111111111100001111111111110000000000000000000000000000000000000000000000000000000000000000000000
000000000000000000000000000000000000000000000000000000000000000000001111111111110000000011111111111100000110011000001111111111110000000011111111111100000110011000001111111111110000000011111111111100000110011000001111111111110000000011111111111100000110011000001111111111110000000011111111111100000000000000000000000000000000000000000000000000000000000000000000
000000000000000000000000000000000000000000000000000000000000000000011111111111000000000000111111111110000110011000011111111111000000000000111111111110000110011000011111111111000000000000111111111110000110011000011111111111000000000000111111111110000110011000011111111111000000000000111111111110000000000000000000000000000000000000000000000000000000000000000000
000000000000000000000000000000000000000000000000000000000000000000011111111111000000000000111111111110000110011000011111111111000000000000111111111110000110011000011111111111000000000000111111111110000110011000011111111111000000000000111111111110000110011000011111111111000000000000111111111110000000000000000000000000000000000000000000000000000000000000000000
000000000000000000000000000000000000000000000000000000000000000001111111111000000000000000000111111111100110011001111111111000000000000000000111111111100110011001111111111000000000000000000111111111100110011001111111111000000000000000000111111111100110011001111111111000000000000000000111111111100000000000000000000000000000000000000000000000000000000000000000
000000000000000000000000000000000000000000000000000000000000000111111111100000000000000000000001111111111110011111111111100000000000000000000001111111111110011111111111100000000000000000000001111111111110011111111111100000000000000000000001111111111110011111111111100000000000000000000001111111111000000000000000000000000000000000000000000000000000000000000000
000000000000000000000000000000000000000000000000000000000000001111111110000000000000000000000000111111111110011111111111000000000000000000000000111111111110011111111111000000000000000000000000111111111110011111111111000000000000000000000000111111111110011111111111000000000000000000000000011111111100000000000000000000000000000000000000000000000000000000000000
000000000000000000000000000000000000000000000000000000000000111111111100000000000000000000000000001111111100001111111100000000000000000000000000001111111100001111111100000000000000000000000000001111111100001111111100000000000000000000000000001111111100001111111100000000000000000000000000001111111111000000000000000000000000000000000000000000000000000000000000
000000000000000000000000000000000000000000000000000000000000111111110000000000000000000000000000000011111111111111110000000000000000000000000000000011111111111111110000000000000000000000000000000011111111111111110000000000000000000000000000000011111111111111110000000000000000000000000000000011111111000000000000000000000000000000000000000000000000000000000000
000000000000000000000000000000000000000000000000000000000000011111000000000000000000000000000000000000111111111111000000000000000000000000000000000000111111111111000000000000000000000000000000000000111111111111000000000000000000000000000000000000111111111111000000000000000000000000000000000000111110000000000000000000000000000000000000000000000000000000000000
000000000000000000000000000000000000000000000000000000000000111111100000000000000000000000000000000001111111111111100000000000000000000000000000000001111111111011100000000000000000000000000000000001110111111111100000000000000000000000000000000001111111111111100000000000000000000000000000000001111111000000000000000000000000000000000000000000000000000000000000
000000000000000000000000000000000000000000000000000000000000111111111000000000000000000000000000000111111111111111111000000000000000000000000000000111111111111111111000000000000000000000000000000111111111111111111000000000000000000000000000000111111111111111111000000000000000000000000000000111111111000000000000000000000000000000000000000000000000000000000000
000000000000000000000000000000000000000000000000000000000000001111111110000000000000000000000000011111111100001111111110000000000000000000000000011111111100001111111110000000000000000000000000011111111100001111111110000000000000000000000000011111111100001111111110000000000000000000000000011111111100000000000000000000000000000000000000000000000000000000000000
000000000000000000000000000000000000000000000000000000000000000111111111000000000000000000000000111111111110011111111111000000000000000000000000111111111110011111111111000000000000000000000000111111111110011111111111000000000000000000000000111111111110011111111111000000000000000000000000111111111000000000000000000000000000000000000000000000000000000000000000
000000000000000000000000000000000000000000000000000000000000000011111111110000000000000000000011111111110110011011111111110000000000000000000011111111110110011011111111110000000000000000000011111111110110011011111111110000000000000000000011111111110110011011111111110000000000000000000011111111110000000000000000000000000000000000000000000000000000000000000000
000000000000000000000000000000000000000000000000000000000000000000111111111110000000000000011111111111000110011000111111111110000000000000011111111111000110011000111111111110000000000000011111111111000110011000111111111110000000000000011111111111000110011000111111111110000000000000011111111111000000000000000000000000000000000000000000000000000000000000000000
000000000000000000000000000000000000000000000000000000000000000000001111111111100000000001111111111100000110011000001111111111100000000001111111111100000110011000001111111111100000000001111111111100000110011000001111111111100000000001111111111100000110011000001111111111100000000001111111111100000000000000000000000000000000000000000000000000000000000000000000
000000000000000000000000000000000000000000000000000000000000000000000111111111111000000111111111111000000110011000000111111111111000000111111111111000000110011000000111111111111000000111111111111000000110011000000111111111111000000111111111111000000110011000000111111111111000000111111111111000000000000000000000000000000000000000000000000000000000000000000000
000000000000000000000000000000000000000000000000000000000000000000000001111101111100001111101111100000000110011000000001111101111100001111101111100000000110011000000001111101111100001111101111100000000110011000000001111101111100001111101111100000000110011000000001111101111100001111101111100000000000000000000000000000000000000000000000000000000000000000000000
000000000000000000000000000000000000000000000000000000000000000000000001111111111100001111111111100000000110011000000001111111111100001111111111100000000110011000000001111111111100001111111111100000000110011000000001111111111100001111111111100000000110011000000001111111111100001111111111100000000000000000000000000000000000000000000000000000000000000000000000
000000000000000000000000000000000000000000000000000000000000000000000000011111111111111111111110000000000110011000000000011111111111111111111110000000000110011000000000011111111111111111111110000000000110011000000000011111111111111111111110000000000110011000000000011111111111111111111110000000000000000000000000000000000000000000000000000000000000000000000000
000000000000000000000000000000000000000000000000000000000000000000000000000111111111111111111000000000000110011000000000000111111111111111111000000000000110011000000000000111111111111111111000000000000110011000000000000111111111111111111000000000000110011000000000000111111111111111111000000000000000000000000000000000000000000000000000000000000000000000000000
000000000000000000000000000000000000000000000000000000000000000000000000000001111111111111100000000000000110011000000000000001111111111111100000000000000110011000000000000001111111111111100000000000000110011000000000000001111111111111100000000000000110011000000000000001111111111111100000000000000000000000000000000000000000000000000000000000000000000000000000
000000000000000000000000000000000000000000000000000000000000000000000000000000011111111110000000000000000110011000000000000000011111111110000000000000000110011000000000000000011111111110000000000000000110011000000000000000011111111110000000000000000110011000000000000000011111111110000000000000000000000000000000000000000000000000000000000000000000000000000000
000000000000000000000000000000000000000000000000000000000000000000000000000000000111111000000000000000000110011000000000000000000111111000000000000000000110011000000000000000000111111000000000000000000110011000000000000000000111111000000000000000000110011000000000000000000111111000000000000000000000000000000000000000000000000000000000000000000000000000000000
000000000000000000000000000000000000000000000000000000000000000000000000000000000011110000000000000000000110011000000000000000000011110000000000000000000110011000000000000000000011110000000000000000000110011000000000000000000011110000000000000000000110011000000000000000000011110000000000000000000000000000000000000000000000000000000000000000000000000000000000
000000000000000000000000000000000000000000000000000000000000000000000000000000000011110000000000000000000110011000000000000000000011110000000000000000000110011000000000000000000011110000000000000000000110011000000000000000000011110000000000000000000110011000000000000000000011110000000000000000000000000000000000000000000000000000000000000000000000000000000000
000000000000000000000000000000000000000000000000000000000000000000000000000000000011110000000000000000000110011000000000000000000011110000000000000000000110011000000000000000000011110000000000000000000110011000000000000000000011110000000000000000000110011000000000000000000011110000000000000000000000000000000000000000000000000000000000000000000000000000000000
000000000000000000000000000000000000000000000000000000000000000000000000000000000011110000000000000000000110011000000000000000000011110000000000000000000110011000000000000000000011110000000000000000000110011000000000000000000011110000000000000000000110011000000000000000000011110000000000000000000000000000000000000000000000000000000000000000000000000000000000
000000000000000000000000000000000000000000000000000000000000000000000000000000000011110000000000000000000110011000000000000000000011110000000000000000000110011000000000000000000011110000000000000000000110011000000000000000000011110000000000000000000110011000000000000000000011110000000000000000000000000000000000000000000000000000000000000000000000000000000000
000000000000000000000000000000000000000000000000000000000000000000000000000000000011110000000000000000000110011000000000000000000011110000000000000000000110011000000000000000000011110000000000000000000110011000000000000000000011110000000000000000000110011000000000000000000011110000000000000000000000000000000000000000000000000000000000000000000000000000000000
000000000000000000000000000000000000000000000000000000000000000000000000000000000011110000000000000000000110011000000000000000000011110000000000000000000110011000000000000000000011110000000000000000000110011000000000000000000011110000000000000000000110011000000000000000000011110000000000000000000000000000000000000000000000000000000000000000000000000000000000
000000000000000000000000000000000000000000000000000000000000000000000000000000000011110000000000000000000110011000000000000000000011110000000000000000000110011000000000000000000011110000000000000000000110011000000000000000000011110000000000000000000110011000000000000000000011110000000000000000000000000000000000000000000000000000000000000000000000000000000000
000000000000000000000000000000000000000000000000000000000000011000000000000000000011110000000000000000000110011000000000000000000011110000000000000000000110011000000000000000000011110000000000000000000110011000000000000000000011110000000000000000000110011000000000000000000011110000000000000000000110000000000000000000000000000000000000000000000000000000000000
000000000000000000000000000000000000000000000000000000000000111100000000000000000011110000000000000000001111011100000000000000000011110000000000000000001111111100000000000000000011110000000000000000001111111100000000000000000011110000000000000000001110111100000000000000000011110000000000000000001111000000000000000000000000000000000000000000000000000000000000
000000000000000000000000000000000000000000000000000000000000111100000000000000000011110000000000000000001111111100000000000000000011110000000000000000001111111100000000000000000011110000000000000000001111111100000000000000000011110000000000000000001111111100000000000000000011110000000000000000001111000000000000000000000000000000000000000000000000000000000000
000000000000000000000000000000000000000000000000000000000000111110000000000000000011110000000000000000011111111110000000000000000011110000000000000000011111111110000000000000000011110000000000000000011111111110000000000000000011110000000000000000011111111110000000000000000011110000000000000000011111000000000000000000000000000000000000000000000000000000000000
000000000000000000000000000000000000000000000000000000000000111111100000000000000011110000000000000001111111111111100000000000000011110000000000000001111111111111100000000000000011110000000000000001111111111111100000000000000011110000000000000001111111111111100000000000000011110000000000000001111111000000000000000000000000000000000000000000000000000000000000
000000000000000000000000000000000000000000000000000000000000111111111000000000000011110000000000000111111111111111111000000000000011110000000000000111111111111111111000000000000011110000000000000111111111111111111000000000000011110000000000000111111111111111111000000000000011110000000000000111111111000000000000000000000000000000000000000000000000000000000000
000000000000000000000000000000000000000000000000000000000000011111111110000000000011110000000000011111111110011111111110000000000011110000000000011111111110011111111110000000000011110000000000011111111110011111111110000000000011110000000000011111111110011111111110000000000011110000000000011111111110000000000000000000000000000000000000000000000000000000000000
000000000000000000000000000000000000000000000000000000000000001111111111000000000011110000000000111111111100001111111111000000000011110000000000111111111100001111111111000000000011110000000000111111111100001111111111000000000011110000000000111111111100001111111111000000000011110000000000111111111100000000000000000000000000000000000000000000000000000000000000
000000000000000000000000000000000000000000000000000000000000000011111111110000000011110000000011111111110000000011111111110000000011110000000011111111110000000011111111110000000011110000000011111111110000000011111111110000000011110000000011111111110000000011111111110000000011110000000011111111110000000000000000000000000000000000000000000000000000000000000000
000000000000000000000000000000000000000000000000000000000000000000111111111110000011110000011111111111000000000000111111111110000011110000011111111111000000000000111111111110000011110000011111111111000000000000111111111110000011110000011111111111000000000000111111111110000011110000011111111111000000000000000000000000000000000000000000000000000000000000000000
000000000000000000000000000000000000000000000000000000000000000000011111111111100011110001111111111110000000000000011111111111100011110001111111111110000000000000011111111111100011110001111111111110000000000000011111111111100011110001111111111110000000000000011111111111100011110001111111111110000000000000000000000000000000000000000000000000000000000000000000
000000000000000000000000000000000000000000000000000000000000000000000111111111111011110111111111111000000000000000000111111111111011110111111111111000000000000000000111111111111011110111111111111000000000000000000111111111111011110111111111111000000000000000000111111111111011110111111111111000000000000000000000000000000000000000000000000000000000000000000000
000000000000000000000000000000000000000000000000000000000000000000000001111111111111111111111111100000000000000000000001111111111111111111111111100000000000000000000001111111111111111111111111100000000000000000000001111111111111111111111111100000000000000000000001111111111111111111111111100000000000000000000000000000000000000000000000000000000000000000000000
000000000000000000000000000000000000000000000000000000000000000000000000011111111111111111111110000000000000000000000000011111111111111111111110000000000000000000000000011111111111111111111110000000000000000000000000011111111111111111111110000000000000000000000000011111111111111111111110000000000000000000000000000000000000000000000000000000000000000000000000
000000000000000000000000000000000000000000000000000000000000000000000000000111111111111111111000000000000000000000000000000111111111111111111000000000000000000000000000000111111111111111111000000000000000000000000000000111111111111111111000000000000000000000000000000111111111111111111000000000000000000000000000000000000000000000000000000000000000000000000000
000000000000000000000000000000000000000000000000000000000000000000000000000001111011110111100000000000000000000000000000000001111011110111100000000000000000000000000000000001111011110111100000000000000000000000000000000001111011110111100000000000000000000000000000000001111011110111100000000000000000000000000000000000000000000000000000000000000000000000000000
000000000000000000000000000000000000000000000000000000000000000000000000000000111111111111000000000000000000000000000000000000111111111111000000000000000000000000000000000000111011110111000000000000000000000000000000000000111111111111000000000000000000000000000000000000111111111111000000000000000000000000000000000000000000000000000000000000000000000000000000
000000000000000000000000000000000000000000000000000000000000000000000000000001111111111111100000000000000000000000000000000001111111111111100000000000000000000000000000000001111011110111100000000000000000000000000000000001111111111111100000000000000000000000000000000001111111111111100000000000000000000000000000000000000000000000000000000000000000000000000000
000000000000000000000000000000000000000000000000000000000000000000000000000001111111111111100000000000000000000000000000000001111111111111100000000000000000000000000000000001111011110111100000000000000000000000000000000001111111111111100000000000000000000000000000000001111111111111100000000000000000000000000000000000000000000000000000000000000000000000000000
000000000000000000000000000000000000000000000000000000000000000000000000001111111111111111111100000000000000000000000000001111111111111111111100000000000000000000000000001111111111111111111100000000000000000000000000001111111111111111111100000000000000000000000000001111111111111111111100000000000000000000000000000000000000000000000000000000000000000000000000
000000000000000000000000000000000000000000000000000000000000000000000000111111111111111111111111000000000000000000000000111111111111111111111111000000000000000000000000111111111111111111111111000000000000000000000000111111111111111111111111000000000000000000000000111111111111111111111111000000000000000000000000000000000000000000000000000000000000000000000000
000000000000000000000000000000000000000000000000000000000000000000000011111111111111111111111111110000000000000000000011111111111111111111111111110000000000000000000011111111111111111111111111110000000000000000000011111111111111111111111111110000000000000000000011111111111111111111111111110000000000000000000000000000000000000000000000000000000000000000000000
000000000000000000000000000000000000000000000000000000000000000000001111111111110011110011111111111100000000000000001111111111110011110011111111111100000000000000001111111111110011110011111111111100000000000000001111111111110011110011111111111100000000000000001111111111110011110011111111111100000000000000000000000000000000000000000000000000000000000000000000
000000000000000000000000000000000000000000000000000000000000000000011111111111000011110000111111111110000000000000011111111111000011110000111111111110000000000000011111111111000011110000111111111110000000000000011111111111000011110000111111111110000000000000011111111111000011110000111111111110000000000000000000000000000000000000000000000000000000000000000000
000000000000000000000000000000000000000000000000000000000000000001111111111000000011110000000111111111100000000001111111111000000011110000000111111111100000000001111111111000000011110000000111111111100000000001111111111000000011110000000111111111100000000001111111111000000011110000000111111111100000000000000000000000000000000000000000000000000000000000000000
000000000000000000000000000000000000000000000000000000000000000111111111100000000011110000000001111111111000000111111111100000000011110000000001111111111000000111111111100000000011110000000001111111111000000111111111100000000011110000000001111111111000000111111111100000000011110000000001111111111000000000000000000000000000000000000000000000000000000000000000
000000000000000000000000000000000000000000000000000000000000011111111110000000000011110000000000111111111110011111111111000000000011110000000000011111111110011111111111000000000011110000000000111111111110011111111110000000000011110000000000111111111110011111111111000000000011110000000000011111111110000000000000000000000000000000000000000000000000000000000000
000000000000000000000000000000000000000000000000000000000000111111111100000000000011110000000000001111111111111111111100000000000011110000000000001111111111111111111100000000000011110000000000001111111111111111111100000000000011110000000000001111111111111111111100000000000011110000000000001111111111000000000000000000000000000000000000000000000000000000000000
000000000000000000000000000000000000000000000000000000000000111111110000000000000011110000000000000011111111111111110000000000000011110000000000000011111111111111110000000000000011110000000000000011111111111111110000000000000011110000000000000011111111111111110000000000000011110000000000000011111111000000000000000000000000000000000000000000000000000000000000
000000000000000000000000000000000000000000000000000000000000111111000000000000000011110000000000000000111110011111000000000000000011110000000000000000111110011111000000000000000011110000000000000000111110011111000000000000000011110000000000000000111110011111000000000000000011110000000000000000111111000000000000000000000000000000000000000000000000000000000000
000000000000000000000000000000000000000000000000000000000000111100000000000000000011110000000000000000001111111100000000000000000011110000000000000000001111111100000000000000000011110000000000000000001111111100000000000000000011110000000000000000001111111100000000000000000011110000000000000000001111000000000000000000000000000000000000000000000000000000000000
000000000000000000000000000000000000000000000000000000000000111000000000000000000011110000000000000000000111111000000000000000000011110000000000000000000111111000000000000000000011110000000000000000000111111000000000000000000011110000000000000000000111111000000000000000000011110000000000000000000111000000000000000000000000000000000000000000000000000000000000
000000000000000000000000000000000000000000000000000000000000011000000000000000000011110000000000000000000110011000000000000000000011110000000000000000000110011000000000000000000011110000000000000000000110011000000000000000000011110000000000000000000110011000000000000000000011110000000000000000000110000000000000000000000000000000000000000000000000000000000000
000000000000000000000000000000000000000000000000000000000000000000000000000000000011110000000000000000000110011000000000000000000011110000000000000000000110011000000000000000000011110000000000000000000110011000000000000000000011110000000000000000000110011000000000000000000011110000000000000000000000000000000000000000000000000000000000000000000000000000000000
000000000000000000000000000000000000000000000000000000000000000000000000000000000011110000000000000000000110011000000000000000000011110000000000000000000110011000000000000000000011110000000000000000000110011000000000000000000011110000000000000000000110011000000000000000000011110000000000000000000000000000000000000000000000000000000000000000000000000000000000
000000000000000000000000000000000000000000000000000000000000000000000000000000000011110000000000000000000110011000000000000000000011110000000000000000000110011000000000000000000011110000000000000000000110011000000000000000000011110000000000000000000110011000000000000000000011110000000000000000000000000000000000000000000000000000000000000000000000000000000000
000000000000000000000000000000000000000000000000000000000000000000000000000000000011110000000000000000000110011000000000000000000011110000000000000000000110011000000000000000000011110000000000000000000110011000000000000000000011110000000000000000000110011000000000000000000011110000000000000000000000000000000000000000000000000000000000000000000000000000000000
000000000000000000000000000000000000000000000000000000000000000000000000000000000011110000000000000000000110011000000000000000000011110000000000000000000110011000000000000000000011110000000000000000000110011000000000000000000011110000000000000000000110011000000000000000000011110000000000000000000000000000000000000000000000000000000000000000000000000000000000
000000000000000000000000000000000000000000000000000000000000000000000000000000000011110000000000000000000110011000000000000000000011110000000000000000000110011000000000000000000011110000000000000000000110011000000000000000000011110000000000000000000110011000000000000000000011110000000000000000000000000000000000000000000000000000000000000000000000000000000000
000000000000000000000000000000000000000000000000000000000000000000000000000000000011110000000000000000000110011000000000000000000011110000000000000000000110011000000000000000000011110000000000000000000110011000000000000000000011110000000000000000000110011000000000000000000011110000000000000000000000000000000000000000000000000000000000000000000000000000000000
000000000000000000000000000000000000000000000000000000000000000000000000000000000011110000000000000000000110011000000000000000000011110000000000000000000110011000000000000000000011110000000000000000000110011000000000000000000011110000000000000000000110011000000000000000000011110000000000000000000000000000000000000000000000000000000000000000000000000000000000
000000000000000000000000000000000000000000000000000000000000000000000000000000000011110000000000000000000110011000000000000000000011110000000000000000000110011000000000000000000011110000000000000000000110011000000000000000000011110000000000000000000110011000000000000000000011110000000000000000000000000000000000000000000000000000000000000000000000000000000000
000000000000000000000000000000000000000000000000000000000000000000000000000000001111111100000000000000000110011000000000000000001111111100000000000000000110011000000000000000001111111100000000000000000110011000000000000000001111111100000000000000000110011000000000000000001111111100000000000000000000000000000000000000000000000000000000000000000000000000000000
000000000000000000000000000000000000000000000000000000000000000000000000000000111111111111000000000000000110011000000000000000111110011111000000000000000110011000000000000000111110011111000000000000000110011000000000000000111110011111000000000000000110011000000000000000111111111111000000000000000000000000000000000000000000000000000000000000000000000000000000
000000000000000000000000000000000000000000000000000000000000000000000000000001111111111111111000000000000110011000000000000001111111111111100000000000000110011000000000000001111111111111100000000000000110011000000000000001111111111111100000000000000110011000000000000111111111111111100000000000000000000000000000000000000000000000000000000000000000000000000000
000000000000000000000000000000000000000000000000000000000000000000000000001111111111111111111100000000000110011000000000001111111111111111111100000000000110011000000000001111111111111111111100000000000110011000000000001111111111111111111100000000000110011000000000001111111111111111111100000000000000000000000000000000000000000000000000000000000000000000000000
000000000000000000000000000000000000000000000000000000000000000000000000111111111110011111111111000000000110011000000000111111111110011111111111000000000110011000000000111111111110011111111111000000000110011000000000111111111110011111111111000000000110011000000000111111111110011111111111000000000000000000000000000000000000000000000000000000000000000000000000
000000000000000000000000000000000000000000000000000000000000000000000001111111111100001111111111100000000110011000000001111111111100001111111111100000000110011000000001111111111100001111111111100000000110011000000001111111111100001111111111100000000110011000000001111111111100001111111111100000000000000000000000000000000000000000000000000000000000000000000000
000000000000000000000000000000000000000000000000000000000000000000000001110111110000000011111011100000000110011000000001110111110000000011111011100000000110011000000001110111110000000011111011100000000110011000000001110111110000000011111011100000000110011000000001110111110000000011111011100000000000000000000000000000000000000000000000000000000000000000000000
000000000000000000000000000000000000000000000000000000000000000000000001100111000000000000111001100000000110011000000001100111000000000000111001100000000110011000000001100111000000000000111001100000000110011000000001100111000000000000111001100000000110011000000001100111000000000000111001100000000000000000000000000000000000000000000000000000000000000000000000
