000000000000000000000000000000000000000000000000000000000000001111001011100000011000001111010011110000000000111000000000011111011011100000011000001111010011110000000000111000000000011110111111100000111000001111111011110000000000111000000000011110111111100000111000001111011011110000000000111000000000000000000000000000000000000000000000000000000000000000000000
000000000000000000000000000000000000000000000000000000000000110011100110011100101000110001100111001100000000101000000001100011100110011100101000110001100111001100000000101000000001100011101110011100101000110001100111001100000000101000000001100011001110011000101000110001100111001100000000101000000000000000000000000000000000000000000000000000000000000000000000
000000000000000000000000000000000000000000000000000000000000001110000011100110101001100111000001100111000000101000000011001110000011100110101011100111000001100110000000101000000011001100000011100110101011000111000001100110000000101000000011001100000011101110101011000111000001100110000000101000000111000000000000000000000000000000000000000000000000000000000000
000000000000000000000000000000000000000000000000000000000000011000000000110011100111001100000000111001100000101000000110011000000000110011101110001100000000111001100000101000000110011000000000110011101110001100000000111001000000101000001110011000000000110011101110001100000000111001000000101000001101000000000000000000000000000000000000000000000000000000000000
000000000000000000000000000000000000000000000000000000000000011000000000001100000000110000000000011000100000101000000100011000000000001100000000110000000000011000100000101000000100011000000000001100000000110000000000011001000000101000001000011000000000001100000001110000000000011001000000101000001001000000000000000000000000000000000000000000000000000000000000
000000000000000000000000000000000000000000000000000000000000001100000000000011000011000000000000110000100000101000000100001100000000000011000011000000000001111100100000101000000100001100000000000011000011000000000001111001000000101000001001101100000000000111000011000000000001110001000000101000001001000000000000000000000000000000000000000000000000000000000000
000000000000000000000000000000000000000000000000000000000000110011000000000001100110000000000011011100100000101000000101110011000000000001100110000000000011011100100000101000000101110011000000000001100110000000000011011101100000101000001001110011000000000001101110000000000011011101000000101000001001000000000000000000000000000000000000000000000000000000000000
000000000000000000000000000000000000000000000000000000000000001100110000000000000000000000001101100100100000101000000101001100110000000000000000000000001101100100100000101000000101001100110000000000000000000000011101100100100000101000001001001100110000000000000000000000011101100101000000101000001001000000000000000000000000000000000000000000000000000000000000
000000000000000000000000000000000000000000000000000000000000000011011100000000000000000000111111000100100000101000000101000011011100000000000000000000111111000100100000101000000101000011011100000000000000000000110111000100100000101000001001000011011100000000000000000000110111000101000000101000001001000000000000000000000000000000000000000000000000000000000000
000000000000000000000000000000000000000000000000000000000000000001100110000000000000000001101100000100100000101000000101000001100110000000000000000001101100000100100000101000000101000001100110000000000000000001101100000100100000101000001001000001100110000000000000000011101100000101000000101000001001000000000000000000000000000000000000000000000000000000000000
000000000000000000000000000000000000000000000000000000000000000000011101100000000000000110110000000100100000101000000101000000011101100000000000000110110000000100100000101000000101000000011101100000000000001110110000000100100000101000001001000000011101100000000000001110110000000101000000101000001001000000000000000000000000000000000000000000000000000000000000
000000000000000000000000000000000000000000000000000000000000000000000110011000000000011011100000000100100000101000000101000000000110011000000000011011000000000100100000101000000101000000000110111000000000011011000000000100100000101000001001000000000110111000000000011011000000000101000000101000001001000000000000000000000000000000000000000000000000000000000000
000000000000000000000000000000000000000000000000000000000000000000000011101100000000110110000000000100100000101000000101000000000011101100000000110110000000000100100000101000000101000000000011101100000001110110000000000100100000101000001001000000000011101100000001110110000000000101000000101000001001000000000000000000000000000000000000000000000000000000000000
000000000000000000000000000000000000000000000000000000000000100000000000011011100111111000000000000100100000101000000100100000000000011011100111111000000000001100100000101000000101100000000000011011000111111000000000001100100000101000001001100000000000111011000110111000000000001001000000101000001001000000000000000000000000000000000000000000000000000000000000
000000000000000000000000000000000000000000000000000000000000011000000000001100111101100000000000011000100000101000000100111000000000001100111101100000000000011000100000101000000100110000000000001101111101100000000000011000100000101000001000110000000000001101111101100000000000111001000000101000001001000000000000000000000000000000000000000000000000000000000000
000000000000000000000000000000000000000000000000000000000000001100000000000011010011000000000001110000100000101000000100001100000000000011010111000000000001110000100000101000000100001100000000000011000111000000000001110000100000101000001000011100000000000111000111000000000001100001000000101000001001000000000000000000000000000000000000000000000000000000000000
000000000000000000000000000000000000000000000000000000000000000011100000000000100100000000000111000000100000101000000100000011100000000000100100000000000110000000100000101000000100000011100000000000101000000000000110000001100000101000001000000011100000000001101000000000000110000001000000101000001001000000000000000000000000000000000000000000000000000000000000
000000000000000000000000000000000000000000000000000000000000000000110000000000101000000000011100000000100000101000001100000000110000000000101000000000011100000000100000101000001100000000110000000000101000000000011000000000100000101000001000000000110000000000101000000000011000000001100000101000001001000000000000000000000000000000000000000000000000000000000000
000000000000000000000000000000000000000000000000000000000000111100011100000000101000000000110000111100110000101000011000111100011100000000101000000000110000111100110000101000011000111100011100000000101000000000110001111000110000101000011000111100011100000000101000000000110001111000110000101000011001000000000000000000000000000000000000000000000000000000000000
000000000000000000000000000000000000000000000000000000000000000011100011000000101000000111000111000011001100101001110011000011100011000000101000000111000111000111001100101001100011000011100011000000101000000111000110000111001100101001100011000011100011000000101000000111000110000110001100101001100011000000000000000000000000000000000000000000000000000000000000
000000000000000000000000000000000000000000000000000000000000000000110001100000101000000100011100000001110111101011001110000000110001100000101000000100011100000001100110101011001110000000110001100000101000000100011100000001100110101011001110000000110001100000101000000100011100000001100110101111001110000000000000000000000000000000000000000000000000000000000000
000000000000000000000000000000000000000000000000000000000000000000011000100000101000000000011000000000011100001100110000000000011000100000101000000000011000000000011100001100110000000000011000100000101000000000010000000000011001000000110000000000011000100000101000000000110000000000011001100000110000000000000000000000000000000000000000000000000000000000000000
000000000000000000000000000000000000000000000000000000000000000000110000100000101000000000001100000000000110000001100000000000110000100000101000000000001100000000000110000001100000000000110000100000101000000000011100000000001110000001100000000000110000100000101000000000011100000000001110000001100000000000000000000000000000000000000000000000000000000000000000
000000000000000000000000000000000000000000000000000000000000000011101100100000101000000000110111000000000011100110000000000011101100100000101000000000110110000000000011000110000000000011101100100000101000000000110110000000000011000110000000000011111100100000101000000001100110000000000011000110000000000000000000000000000000000000000000000000000000000000000000
000000000000000000000000000000000000000000000000000000000000001110110100100000101000000000001101110000000000011000000000001100110100100000101000000000001101110000000000111000000000001101110100100000101000000001011101100000000000111000000000001101110100100000101000000001011101100000000000111000000000000000000000000000000000000000000000000000000000000000000000
000000000000000000000000000000000000000000000000000000000000011011100100100000101000000000000111011000000000000000000000011011100100100000101000000000000110011000000000000000000000011011000100100000101000000001000110111000000000000000000000011011000100100000101000000001000110111000000000000000000000000000000000000000000000000000000000000000000000000000000000
000000000000000000000000000000000000000000000000000000000000110110000100100000101000000000000001101110000000000000000001100110000100100000101000000000000011101100000000000000000001101110000100100000101000000001000011101100000000000000000001101110000100100000101000000001000011001100000000000000000000000000000000000000000000000000000000000000000000000000000000
000000000000000000000000000000000000000000000000000000000000011000000100100000101000000000000000011011100000000000000110111000000100100000101000000000000000011011100000000000000110111000000100100000101000000001000000111011000000000000000110111000000100100000101000000001000000111011000000000000000111000000000000000000000000000000000000000000000000000000000000
000000000000000000000000000000000000000000000000000000000000100000000100100000101000000000000000001110110000000000001101100000000100100000101000000000000000001100110000000000001101100000000100100000101000000001000000001101110000000000001101100000000100100000101000000001000000001101110000000000001101000000000000000000000000000000000000000000000000000000000000
000000000000000000000000000000000000000000000000000000000000000000000100100000101000000000000000000011011100000000110011000000000100100000101000000000000000000011011000000000110111000000000100100000101000000001000000000111011000000000110111000000000100100000101000000001000000000111011000000000110110000000000000000000000000000000000000000000000000000000000000
000000000000000000000000000000000000000000000000000000000000000000000100100000101000000000100000000000110111000011011100000000000100100000101000000000000000000000110111000011011100000000000100100000101000000000000000000000110110000011011000000000000100100000101000000001000000000001110110000011011000000000000000000000000000000000000000000000000000000000000000
000000000000000000000000000000000000000000000000000000000000000000011100100000101000000000110000000000011101101110110000000000011100100000101000000000110000000000011101101110110000000000011100100000101000000000110000000000011001101111110000000000011100100000101000000000110000000000011001101111110000000000000000000000000000000000000000000000000000000000000000
000000000000000000000000000000000000000000000000000000000000000000110000100000101000000000011000000000000110111011100000000000110000100000101000000000011000000000000110111011100000000000110000100000101000000000011000000000001110111011000000000000110000100000101000000000011000000000001110111011000000000000000000000000000000000000000000000000000000000000000000
000000000000000000000000000000000000000000000000000000000000000011000000100000101000000000000111000000000001101110000000000011000000100000101000000000000111000000000001101100000000000011000000100000101000000000000111000000000001101100000000000111000000100000101000000000000111000000000001101100000000000000000000000000000000000000000000000000000000000000000000
000000000000000000000000000000000000000000000000000000000000001100011000100000101000000000011001110000000000101000000000001100011000100000101000001000011001100000000000101000000000001100010000100000101000001000001001100000000000101000000000001100010000100000101000001000001001100000000000101000000000000000000000000000000000000000000000000000000000000000000000
000000000000000000000000000000000000000000000000000000000000011001101100111000101000011000110110011000000000101000000000111001101100110000101000011000110110111000000000101000000000111001101100110000101000011000110110111000000000101000000000111001111100110000101000011000111110111000000000101000000000000000000000000000000000000000000000000000000000000000000000
000000000000000000000000000000000000000000000000000000000000000110000011001110101001100011000001100110000000101000000011100110000011001100101001100111000001100110000000101000000011000110000011001100101001100111000001100110000000101000000011001110000011001100101001100111000011100110000000101000000011000000000000000000000000000000000000000000000000000000000000
000000000000000000000000000000000000000000000000000000000000011100000001110011100111001110000000111001100000101000000110011100000001110011101111001100000000111001000000101000000110011100000001110011101111001100000000111011000000101000000110011000000001100011101111001100000000111011000000101000001111000000000000000000000000000000000000000000000000000000000000
000000000000000000000000000000000000000000000000000000000000010000000000011001100100111000000000001000100000101000000100010000000000011001101100111000000000001000100000101000000100010000000000011001101100111000000000001001000000101000001100010000000000011001101100111000000000000001000000101000001001000000000000000000000000000000000000000000000000000000000000
000000000000000000000000000000000000000000000000000000000000001100000000000111000011100000000000110000100000101000000100001100000000000110000011100000000000110000100000101000000100001100000000000110000011000000000000110000100000101000001000011100000000000110000011000000000000110001000000101000001001000000000000000000000000000000000000000000000000000000000000
000000000000000000000000000000000000000000000000000000000000110011000000000001100110000000000011001100100000101000000101110111000000000011100110000000000011011100100000101000000101110111000000000011100110000000000011011100100000101000001001110110000000000011100110000000000011011101000000101000001001000000000000000000000000000000000000000000000000000000000000
000000000000000000000000000000000000000000000000000000000000001100110000000000011000000000001100110100100000101000000101001101110000000000011000000000001101110100100000101000000101001101110000000000011000000000001101100100100000101000001001011101100000000000011000000000001101100101000000101000001001000000000000000000000000000000000000000000000000000000000000
000000000000000000000000000000000000000000000000000000000000000111011100000000000000000000111011000100100000101000000101000111011000000000000000000000111011000100100000101000000101000111011000000000000000000000111011000100100000101000001001000110011000000000000000000000111111000101000000101000001001000000000000000000000000000000000000000000000000000000000000
000000000000000000000000000000000000000000000000000000000000000001100110000000000000000001100110000100100000101000000101000001101110000000000000000001101110000100100000101000000101000001101110000000000000000001101110000100100000101000001001000011101100000000000000000001101100000101000000101000001001000000000000000000000000000000000000000000000000000000000000
000000000000000000000000000000000000000000000000000000000000000000011101100000000000000110111000000100100000101000000101000000011011100000000000000110111000000100100000101000000101000000011011100000000000000110110000000100100000101000001001000000011011100000000000000110110000000101000000101000001001000000000000000000000000000000000000000000000000000000000000
000000000000000000000000000000000000000000000000000000000000000000000110111000000000011101100000000100100000101000000101000000001110110000000000011001100000000100100000101000000101000000001110110000000000011011100000000100100000101000001001000000001100110000000000011011100000000101000000101000001001000000000000000000000000000000000000000000000000000000000000
000000000000000000000000000000000000000000000000000000000000000000000011001100000000110111000000000100100000101000000101000000000011011100000000110111000000000100100000101000000101000000000011011100000000110110000000000100100000101000001001000000000011011100000000110110000000000101000000101000001001000000000000000000000000000000000000000000000000000000000000
000000000000000000000000000000000000000000000000000000000000000000000000111011000111011000000000000100100000101000000101100000000000110011000111011000000000000100100000101000000101100000000000110011000111011000000000000100100000101000001001100000000000110011000111011000000000000101000000101000001001000000000000000000000000000000000000000000000000000000000000
000000000000000000000000000000000000000000000000000000000000110000000000001101101100110000000000011000100000101000000100110000000000011101101100110000000000011000100000101000000100110000000000011101101101110000000000011000100000101000001000110000000000011101101101110000000000011001000000101000001001000000000000000000000000000000000000000000000000000000000000
000000000000000000000000000000000000000000000000000000000000011100000000000111011011000000000000110000100000101000000100011100000000000110011011000000000000110000100000101000000100011100000000000110011011000000000000110000100000101000001000011100000000000110011011000000000000110001000000101000001001000000000000000000000000000000000000000000000000000000000000
000000000000000000000000000000000000000000000000000000000000000011000000000001100100000000000111000000100000101000000100000011000000000001101100000000000111000000100000101000000100000011000000000001101100000000000111000001100000101000001000000011000000000001101100000000000111000001000000101000001001000000000000000000000000000000000000000000000000000000000000
000000000000000000000000000000000000000000000000000000000000000001110000000000101000000000001100000000100000101000000100000001110000000000101000000000001100000000100000101000001100000001110000000000101000000000001100000000100000101000001000000001100000000000101000000000011100000001100000101000001001000000000000000000000000000000000000000000000000000000000000
000000000000000000000000000000000000000000000000000000000000011100011100000000101000000000111000111000110000101000001100011100011000000000101000000000111000111000110000101000001000011100011000000000101000000000111000111000110000101000001000111100011000000000101000000000110000111000110000101000001001000000000000000000000000000000000000000000000000000000000000
000000000000000000000000000000000000000000000000000000000000000011100011000000101000000011000111000110001100101001110001100011100111000000101000000011000111000110001100101001110011100011000111000000101000000111000111000110001100101001110011100011000111000000101000000111000111000110001100101001110011000000000000000000000000000000000000000000000000000000000000
000000000000000000000000000000000000000000000000000000000000000000110001100000101000000110001100000001100110101011000110000000110001100000101000000110001100000001100110101011000110000001110001100000101000000100001100000001100110101011000110000001110001100000101000000100001100000001100110101011001110000000000000000000000000000000000000000000000000000000000000
000000000000000000000000000000000000000000000000000000000000000000011000100000101000000100011000000000110001101110011100000000011000100000101000000000011000000000110001101110011100000000011000100000101000000000011000000000110001101110011100000000011000100000101000000000011000000000110011101110011000000000000000000000000000000000000000000000000000000000000000
000000000000000000000000000000000000000000000000000000000000000000011000100000101000000000011000000000001110000001110000000000111000100000101000000000011000000000001110000001100000000000111000100000101000000000011000000000001110000001100000000000111000100000101000000000011000000000001110000001100000000000000000000000000000000000000000000000000000000000000000
000000000000000000000000000000000000000000000000000000000000000001101100100000101000000000100110000000000011000011000000000001101100100000101000000000100110000000000011000111000000000001101100100000101000000000100110000000000011000111000000000001101100100000101000000001100110000000000011000111000000000000000000000000000000000000000000000000000000000000000000
000000000000000000000000000000000000000000000000000000000000000011011100100000101000000000111011000000000001111110000000000111011100100000101000000000111011000000000001111100000000000111011100100000101000000001111011000000000001111100000000000111011100100000101000000001111011000000000001101100000000000000000000000000000000000000000000000000000000000000000000
000000000000000000000000000000000000000000000000000000000000011111100100100000101000000000000110111000000000000000000000011111100100100000101000000000000110111000000000000000000000011011100100100000101000000001000110111000000000000000000000011011100100100000101000000001000110111000000000000000000000000000000000000000000000000000000000000000000000000000000000
000000000000000000000000000000000000000000000000000000000000110110000100100000101000000000000011001100000000000000000000110110000100100000101000000000000011001100000000000000000001110110000100100000101000000001000011001100000000000000000001110110000100100000101000000001000011001100000000000000000000000000000000000000000000000000000000000000000000000000000000
000000000000000000000000000000000000000000000000000000000000011000000100100000101000000000000000111011000000000000000111011000000100100000101000000000000000110011000000000000000111011000000100100000101000000001000000110011000000000000000111011000000100100000101000000001000000110011000000000000000111000000000000000000000000000000000000000000000000000000000000
000000000000000000000000000000000000000000000000000000000000100000000100100000101000000000000000001101110000000000001101100000000100100000101000000000000000001101110000000000001101100000000100100000101000000001000000001101110000000000001101100000000100100000101000000001000000001101110000000000001101000000000000000000000000000000000000000000000000000000000000
000000000000000000000000000000000000000000000000000000000000000000000100100000101000000000000000000110011000000000111011000000000100100000101000000000000000000110011000000000111011000000000100100000101000000001000000000110011000000000111011000000000100100000101000000001000000000110011000000000110011000000000000000000000000000000000000000000000000000000000000
000000000000000000000000000000000000000000000000000000000000000000000100100000101000000000000000000001110110000011101100000000000100100000101000000000000000000001110110000011101100000000000100100000101000000001000000000001110110000011001100000000000100100000101000000001000000000001110110000011001100000000000000000000000000000000000000000000000000000000000000
000000000000000000000000000000000000000000000000000000000000000000001100100000101000000000110000000000011001100110110000000000001100100000101000000000110000000000011001100110110000000000001100100000101000000000100000000000011001101110110000000000001100100000101000000000100000000000011011101110110000000000000000000000000000000000000000000000000000000000000000
000000000000000000000000000000000000000000000000000000000000000000111000100000101000000000011000000000001110111101100000000000111000100000101000000000011000000000001110111101100000000000111000100000101000000000111000000000001110111001100000000000111000100000101000000000111000000000001110111001100000000000000000000000000000000000000000000000000000000000000000
000000000000000000000000000000000000000000000000000000000000000011100000100000101000000000000111000000000001101110000000000011000000100000101000000000000111000000000001101110000000000011000000100000101000000000000111000000000001101110000000000011000000100000101000000000000110000000000001101110000000000000000000000000000000000000000000000000000000000000000000
000000000000000000000000000000000000000000000000000000000000001110000000100000101000000000000001100000000000101000000000001110000000100000101000000000000001100000000000101000000000001100000000100000101000001000000001100000000000101000000000001100000000100000101000001000000011100000000000101000000000000000000000000000000000000000000000000000000000000000000000
000000000000000000000000000000000000000000000000000000000000011001111100110000101000011000111110111000000000101000000000011001111100110000101000011000111100111000000000101000000000011001111100110000101000011000111100111000000000101000000000011001111100110000101000011000111100111000000000101000000000000000000000000000000000000000000000000000000000000000000000
000000000000000000000000000000000000000000000000000000000000000111000011001100101001100011000011100110000000101000000001100110000011001100101001100011000011100110000000101000000011100110000011001100101001100011000011000110000000101000000011100110000111001100101001100011000011000110000000101000000011000000000000000000000000000000000000000000000000000000000000
000000000000000000000000000000000000000000000000000000000000011100000001100011101011000110000000110011000000101000000110011100000001100011101111000110000000110011000000101000000110011100000001100111101111001110000000110011000000101000000110011100000001100111101111001110000000110011000000101000000111000000000000000000000000000000000000000000000000000000000000
000000000000000000000000000000000000000000000000000000000000010000000000011001100110011000000000011001100000101000000100010000000000011001101100011000000000011001100000101000000100010000000000011001101100011000000000011001000000101000001100010000000000111001101100011000000000011001000000101000001101000000000000000000000000000000000000000000000000000000000000
000000000000000000000000000000000000000000000000000000000000011100000000000110000001100000000000111000100000101000000100011100000000000110000001100000000000111000100000101000000100011100000000000110000001100000000000110000100000101000001000011100000000000110000011100000000000110001000000101000001001000000000000000000000000000000000000000000000000000000000000
000000000000000000000000000000000000000000000000000000000000110110000000000011100111000000000001101100100000101000000101100110000000000011100111000000000001101100100000101000000101100110000000000011100111000000000011101101100000101000001001100110000000000011100110000000000011101101000000101000001001000000000000000000000000000000000000000000000000000000000000
000000000000000000000000000000000000000000000000000000000000011011100000000000111100000000000111111100100000101000000101011011100000000000111100000000000111111100100000101000000101011011100000000000111100000000000110111101100000101000001001011011100000000000111100000000000110111101000000101000001001000000000000000000000000000000000000000000000000000000000000
000000000000000000000000000000000000000000000000000000000000000110011000000000000000000000011011000100100000101000000101000110011000000000000000000000011011000100100000101000000101000110011000000000000000000000011011000100100000101000001001000110011000000000000000000000111011000101000000101000001001000000000000000000000000000000000000000000000000000000000000
000000000000000000000000000000000000000000000000000000000000000011101100000000000000000000110110000100100000101000000101000011101100000000000000000001110110000100100000101000000101000011101100000000000000000001110110000100100000101000001001000011101100000000000000000001100110000101000000101000001001000000000000000000000000000000000000000000000000000000000000
000000000000000000000000000000000000000000000000000000000000000000110011000000000000000011011000000100100000101000000101000000110011000000000000000011011000000100100000101000000101000000110011000000000000000011011000000100100000101000001001000000110011000000000000000111011000000101000000101000001001000000000000000000000000000000000000000000000000000000000000
000000000000000000000000000000000000000000000000000000000000000000001100110000000000001101100000000100100000101000000101000000001100110000000000001101100000000100100000101000000101000000001100110000000000011101100000000100100000101000001001000000001100110000000000011101100000000101000000101000001001000000000000000000000000000000000000000000000000000000000000
000000000000000000000000000000000000000000000000000000000000000000000011011100000000111111000000000100100000101000000101000000000011011100000000111111000000000100100000101000000101000000000011011100000000110111000000000100100000101000001001000000000011011100000000110111000000000101000000101000001001000000000000000000000000000000000000000000000000000000000000
000000000000000000000000000000000000000000000000000000000000000000000000110011000011011100000000000100100000101000000101100000000000110011000011011000000000000100100000101000000101100000000000110111000011011000000000000100100000101000001001000000000000110111000011011000000000000101000000101000001001000000000000000000000000000000000000000000000000000000000000
000000000000000000000000000000000000000000000000000000000000110000000000011101100110110000000000001100100000101000000100110000000000011101101110110000000000011100100000101000000100110000000000011101101110110000000000011001000000101000001001110000000000011101101110110000000000011001000000101000001001000000000000000000000000000000000000000000000000000000000000
000000000000000000000000000000000000000000000000000000000000011100000000000110011011100000000000111000100000101000000100011100000000000110111011000000000000110000100000101000000100011000000000000110111011000000000000110001000000101000001000011000000000000110111011000000000000110001000000101000001001000000000000000000000000000000000000000000000000000000000000
000000000000000000000000000000000000000000000000000000000000000011000000000001100100000000000111000000100000101000000100000011000000000001100100000000000111000000100000101000000100000111000000000001101100000000000111000001000000101000001000000111000000000001101100000000000111000001000000101000001001000000000000000000000000000000000000000000000000000000000000
000000000000000000000000000000000000000000000000000000000000000001100000000000100000000000001100000000100000101000000100000001100000000000101000000000001100000000100000101000001100000001100000000000101000000000001100000000100000101000001000000001100000000000101000000000001100000001000000101000001001000000000000000000000000000000000000000000000000000000000000
000000000000000000000000000000000000000000000000000000000000011100011000000000101000000000111000111000110000101000001000011100011000000000101000000000111000111000110000101000001000011100011000000000101000000000111000111000100000101000001000011100111000000000101000000000111000111000100000101000001001000000000000000000000000000000000000000000000000000000000000
000000000000000000000000000000000000000000000000000000000000100011000110000000101000000011000011000110011100101000110001100011000110000000101000000011000011000110011100101000110001100011000110000000101000000011000011000110011000101001110001100011000110000000101000000011000111000110011000101001110001000000000000000000000000000000000000000000000000000000000000
000000000000000000000000000000000000000000000000000000000000000001100011100000101000000110001110000011100110101001100110000001100011100000101000000110001110000011100110101011100110000001100011100000101000000110001100000011101110101011000110000001100011100000101000000110001100000011001110101011000110000000000000000000000000000000000000000000000000000000000000
000000000000000000000000000000000000000000000000000000000000000000011000100000101000000100011000000000110011101110001100000000011000100000101000000000011000000000110011101110001100000000011000100000101000000000011000000000110011101110001100000000011000100000101000000000111000000001110011101110001100000000000000000000000000000000000000000000000000000000000000
000000000000000000000000000000000000000000000000000000000000000000011000100000101000000000011000000000001110000001110000000000011000100000101000000000011000000000001100000001110000000000011000100000101000000000011000000000001100000001110000000000011000100000101000000000111000000000001100000001110000000000000000000000000000000000000000000000000000000000000000
000000000000000000000000000000000000000000000000000000000000000001101100100000101000000000100110000000000011000011000000000001100000100000101000000000101110000000000111000011000000000001100000100000101000000000101110000000000111000011000000000001101100100000101000000000001100000000000111000011000000000000000000000000000000000000000000000000000000000000000000
000000000000000000000000000000000000000000000000000000000000000011011100100000101000000000111011000000000001111110000000000011011100100000101000000000111011000000000001101110000000000011011100100000101000000000110011000000000001101110000000000011011100100000101000000001110111000000000001101110000000000000000000000000000000000000000000000000000000000000000000
000000000000000000000000000000000000000000000000000000000000011101100100100000101000000000000110111000000000000000000000011101100100100000101000000000001110110000000000000000000000011111100100100000101000000001001110110000000000000000000000011111100100100000101000000001001100110000000000000000000000000000000000000000000000000000000000000000000000000000000000
000000000000000000000000000000000000000000000000000000000000110111000100100000101000000000000011001100000000000000000000110111000100100000101000000000000011011100000000000000000000110110000100100000101000000001000011011100000000000000000000110110000100100000101000000001000111011000000000000000000000000000000000000000000000000000000000000000000000000000000000
000000000000000000000000000000000000000000000000000000000000101100000100100000101000000000000000110110000000000000000001101100000100100000101000000000000001110110000000000000000001101100000100100000101000000001000001110110000000000000000001111100000100100000101000000001000001100110000000000000000011000000000000000000000000000000000000000000000000000000000000
000000000000000000000000000000000000000000000000000000000000110000000100100000101000000000000000001101110000000000001110110000000100100000101000000000000000011101100000000000001111110000000100100000101000000001000000011101100000000000001111110000000100100000101000000001000000011101100000000000001111000000000000000000000000000000000000000000000000000000000000
000000000000000000000000000000000000000000000000000000000000000000000100100000101000000000000000000110011000000000011011100000000100100000101000000000000000000110111000000000011011000000000100100000101000000001000000000110111000000000011011000000000100100000101000000001000000000110110000000000011011000000000000000000000000000000000000000000000000000000000000
000000000000000000000000000000000000000000000000000000000000000000000100100000101000000000000000000001101110000001110110000000000100100000101000000000000000000011101100000001111110000000000100100000101000000001000000000011101100000001111110000000000100100000101000000001000000000011001100000001111100000000000000000000000000000000000000000000000000000000000000
000000000000000000000000000000000000000000000000000000000000000000001100100000101000000000100000000000011011100110111000000000001100100000101000000000100000000000011011000110111000000000001100100000101000000000100000000000111011000110111000000000001100100000101000000000100000000000111011000110110000000000000000000000000000000000000000000000000000000000000000
000000000000000000000000000000000000000000000000000000000000000000011000100000101000000000111000000000001110111101100000000000011000100000101000000000111000000000001111111101100000000000011000100000101000000000111000000000001101111101100000000000011000100000101000000000111000000000001101111101100000000000000000000000000000000000000000000000000000000000000000
000000000000000000000000000000000000000000000000000000000000000011100000100000101000000000000110000000000011100110000000000011100000100000101000000000000110000000000011100110000000000011100000100000101000000000000110000000000011001110000000000011100000100000101000000000000110000000000011001110000000000000000000000000000000000000000000000000000000000000000000
000000000000000000000000000000000000000000000000000000000000000110000000100000101000000000000011100000000000101100000000000110000000100000101000000000000011100000000000101100000000000110000000100000101000000000000011100000000001101000000000001110000000100000101000000000000011000000000001101000000000000000000000000000000000000000000000000000000000000000000000
000000000000000000000000000000000000000000000000000000000000011100111100110000101000001000011100111000000000101000000000011100111000110000101000001000111100110000000000101000000000011100111000110000101000011000111100110000000000101000000000011000111000100000101000011000111100110000000000101000000000000000000000000000000000000000000000000000000000000000000000
000000000000000000000000000000000000000000000000000000000000100011000111001100101000110011100011001110000000101000000001100011000111011100101000110011100011001110000000101000000001100111000110011100101001110011000011001110000000101000000001100111000110011100101001110011000011001100000000101000000011000000000000000000000000000000000000000000000000000000000000
000000000000000000000000000000000000000000000000000000000000001100000001100111101011000110000000110011000000101000000111001100000001100110101011000110000000110011000000101000000110001100000011100110101011000110000000110011000000101000000110011100000011100110101011000110000001110111000000101000000111000000000000000000000000000000000000000000000000000000000000
000000000000000000000000000000000000000000000000000000000000011000000000111001100110011100000000011001100000101000000100011000000000111011101110011000000000011001000000101000000100011000000000110011101110011000000000011001000000101000000100010000000000110011101110011000000000011001000000101000001101000000000000000000000000000000000000000000000000000000000000
000000000000000000000000000000000000000000000000000000000000011100000000000110000001100000000000111000100000101000000100011100000000001110000001100000000000111000100000101000000100011100000000001110000001100000000000111001100000101000001000011000000000001100000001100000000000111001000000101000001001000000000000000000000000000000000000000000000000000000000000
000000000000000000000000000000000000000000000000000000000000100110000000000011000111000000000001101100100000101000000100100110000000000011000111000000000001101100100000101000000101100110000000000011000111000000000001101100100000101000001001101110000000000011000111000000000001101001000000101000001001000000000000000000000000000000000000000000000000000000000000
000000000000000000000000000000000000000000000000000000000000011011100000000001111100000000000111011100100000101000000101111011100000000001111100000000000111011100100000101000000101011011000000000001101100000000000111111101100000101000001001111011000000000001101100000000000111111101000000101000001001000000000000000000000000000000000000000000000000000000000000
000000000000000000000000000000000000000000000000000000000000000110011000000000000000000000011001100100100000101000000101000110111000000000000000000000011011100100100000101000000101001110111000000000000000000000011011100100100000101000001001001110110000000000000000000000011011000101000000101000001001000000000000000000000000000000000000000000000000000000000000
000000000000000000000000000000000000000000000000000000000000000011101100000000000000000000110111000100100000101000000101000011101100000000000000000000110110000100100000101000000101000011001100000000000000000000110110000100100000101000001001000011011100000000000000000000110110000101000000101000001001000000000000000000000000000000000000000000000000000000000000
000000000000000000000000000000000000000000000000000000000000000000110111000000000000000011001100000100100000101000000101000000110111000000000000000011011100000100100000101000000101000001110110000000000000000011011100000100100000101000001001000001110110000000000000000011011000000101000000101000001001000000000000000000000000000000000000000000000000000000000000
000000000000000000000000000000000000000000000000000000000000000000001100110000000000001100110000000100100000101000000101000000001101110000000000001101110000000100100000101000000101000000001101110000000000001101100000000100100000101000001001000000011101100000000000001101100000000101000000101000001001000000000000000000000000000000000000000000000000000000000000
000000000000000000000000000000000000000000000000000000000000000000000111011000000000111011000000000100100000101000000101000000000111011000000000111011000000000100100000101000000101000000000110011000000000111011000000000100100000101000001001000000000110011000000000111111000000000101000000101000001001000000000000000000000000000000000000000000000000000000000000
000000000000000000000000000000000000000000000000000000000000000000000001101110000001100110000000000100100000101000000101000000000001101110000001101110000000000100100000101000000101000000000011101100000001101110000000000100100000101000001001000000000011101100000001101100000000000101000000101000001001000000000000000000000000000000000000000000000000000000000000
000000000000000000000000000000000000000000000000000000000000100000000000011101100110111000000000001100100000101000000100100000000000011011100110111000000000001100100000101000000101100000000000011011100110110000000000001101000000101000001001100000000000011011100110110000000000001101000000101000001001000000000000000000000000000000000000000000000000000000000000
000000000000000000000000000000000000000000000000000000000000011000000000000110111001100000000000111000100000101000000100011000000000001110111001100000000000111000100000101000000100011000000000001110111011100000000000111001000000101000001000011000000000001100111011100000000000111001000000101000001001000000000000000000000000000000000000000000000000000000000000
000000000000000000000000000000000000000000000000000000000000001110000000000011100111000000000001100000100000101000000100001110000000000011000111000000000001100000100000101000000100001100000000000011000110000000000001100001000000101000001000001100000000000011000110000000000001100001000000101000001001000000000000000000000000000000000000000000000000000000000000
000000000000000000000000000000000000000000000000000000000000000001100000000000100000000000000110000000100000101000000100000011100000000000101000000000001110000000100000101000000100000011100000000000101000000000001110000001100000101000001000000011100000000000101000000000001110000001000000101000001001000000000000000000000000000000000000000000000000000000000000
000000000000000000000000000000000000000000000000000000000000011100111000000000101000000000011000111000100000101000001100011100111000000000101000000000011000111000100000101000001000011000111000000000101000000000011000111000100000101000001000011000110000000000101000000000111000111000100000101000001001000000000000000000000000000000000000000000000000000000000000
000000000000000000000000000000000000000000000000000000000000100011000110000000101000000011100011000110011000101000110001100111000110000000101000000011100011000110011000101000110001100111001110000000101000000011100011000110011000101000110001100110001110000000101000000011000011000110011000101000110001000000000000000000000000000000000000000000000000000000000000
000000000000000000000000000000000000000000000000000000000000000001100011100000101000000110000110000011001110101001100011000001100011100000101000000110000110000011001110101001100111000001100011000000101000000110000110000011001110101001100111000011100011000000101000000110001110000011001110101001100110000000000000000000000000000000000000000000000000000000000000
000000000000000000000000000000000000000000000000000000000000000000011000100000101000000100011000000001110011101110001110000000111000100000101000000100011000000001110011101110001100000000111001100000101000000100011000000001110011101110001100000000111001100000101000000000011000000001110011101110001100000000000000000000000000000000000000000000000000000000000000
000000000000000000000000000000000000000000000000000000000000000000011000100000101000000000011000000000001100000000110000000000011000100000101000000000011000000000001100000000110000000000011000100000101000000000011000000000001100000001110000000000011000100000101000000000111000000000001100000001110000000000000000000000000000000000000000000000000000000000000000
000000000000000000000000000000000000000000000000000000000000000000110000100000101000000000001100000000000110000011100000000001110000100000101000000000001100000000000110000011100000000001110000100000101000000000001100000000000110000011000000000001110000100000101000000000001100000000000110000011000000000000000000000000000000000000000000000000000000000000000000
000000000000000000000000000000000000000000000000000000000000000011111100100000101000000000110111000000000001100110000000000011011100100000101000000000110111000000000001100110000000000011011100100000101000000000110111000000000001101110000000000011011100100000101000000001110111000000000001101110000000000000000000000000000000000000000000000000000000000000000000
000000000000000000000000000000000000000000000000000000000000001101100100100000101000000000001100110000000000010000000000001101100100100000101000000000001100110000000000011000000000001101100100100000101000000001001100110000000000011000000000011101100100100000101000000001001100110000000000010000000000000000000000000000000000000000000000000000000000000000000000
000000000000000000000000000000000000000000000000000000000000011011000100100000101000000000000111011000000000000000000000111011000100100000101000000000000111011000000000000000000000111011000100100000101000000001000111011000000000000000000000110011000100100000101000000001000111011000000000000000000000000000000000000000000000000000000000000000000000000000000000
000000000000000000000000000000000000000000000000000000000000101100000100100000101000000000000001100110000000000000000001101100000100100000101000000000000001100110000000000000000001101100000100100000101000000001000001100110000000000000000001101100000100100000101000000001000001100110000000000000000001000000000000000000000000000000000000000000000000000000000000
000000000000000000000000000000000000000000000000000000000000110000000100100000101000000000000000011001100000000000000110110000000100100000101000000000000000011001100000000000001110110000000100100000101000000001000000011001100000000000001110110000000100100000101000000001000000011001100000000000001111000000000000000000000000000000000000000000000000000000000000
000000000000000000000000000000000000000000000000000000000000000000000100100000101000000000000000000110110000000000011101100000000100100000101000000000000000000110110000000000011001100000000100100000101000000001000000000110110000000000011011100000000100100000101000000001000000000110110000000000011011000000000000000000000000000000000000000000000000000000000000
000000000000000000000000000000000000000000000000000000000000000000000100100000101000000000000000000011001100000000110110000000000100100000101000000000000000000011001100000001110110000000000100100000101000000001000000000011001100000001110110000000000100100000101000000001000000000011001100000001110110000000000000000000000000000000000000000000000000000000000000
000000000000000000000000000000000000000000000000000000000000000000000100100000101000000000100000000000111011000111011000000000001100100000101000000000100000000000110011000111011000000000001100100000101000000000100000000000110011000110011000000000001100100000101000000000100000000000110011000110011000000000000000000000000000000000000000000000000000000000000000
000000000000000000000000000000000000000000000000000000000000000000011100100000101000000000111000000000001101111101110000000000011000100000101000000000111000000000001101111101110000000000011000100000101000000000110000000000001101111101110000000000011000100000101000000000110000000000001101101101110000000000000000000000000000000000000000000000000000000000000000
000000000000000000000000000000000000000000000000000000000000000001110000100000101000000000001100000000000110011011000000000001110000100000101000000000001100000000000110011011000000000001110000100000101000000000011100000000000110010011000000000001100000100000101000000000011100000000000110010011000000000000000000000000000000000000000000000000000000000000000000
000000000000000000000000000000000000000000000000000000000000000111000000100000101000000000000011000000000001101100000000000110000000100000101000000000000011000000000001101100000000000110000000100000101000000000000011000000000001101100000000000110000000100000101000000000000011000000000001101100000000000000000000000000000000000000000000000000000000000000000000
000000000000000000000000000000000000000000000000000000000000011100111000100000101000001000011100110000000000101000000000011100111000100000101000001000011100110000000000101000000000011100111000100000101000001000011000110000000000101000000000011100111000100000101000001000011001110000000000101000000000000000000000000000000000000000000000000000000000000000000000
000000000000000000000000000000000000000000000000000000000000110011101100011000101000111000110110011100000000101000000000110011101100011000101000111000110110011000000000101000000000110011101100011000101000111001110110011000000000101000000000110011101100011000101000111001110110011000000000101000000000000000000000000000000000000000000000000000000000000000000000
000000000000000000000000000000000000000000000000000000000000001110000011100110101011100111000001110111000000101000000011001100000011100110101011000111000001110111000000101000000011001100000011100110101011000111000001100111000000101000000111001100000011100110101011000110000001100110000000101000000111000000000000000000000000000000000000000000000000000000000000
000000000000000000000000000000000000000000000000000000000000011000000000110011100110001100000000011001100000101000000110011000000000110011101110001100000000011001000000101000000110011000000000110011101110001100000000111001000000101000000100011000000000110011101110011100000000111001000000101000000101000000000000000000000000000000000000000000000000000000000000
000000000000000000000000000000000000000000000000000000000000011000000000001100000000110000000000011000100000101000000100011000000000001100000001110000000000011000100000101000000100011000000000001100000001110000000000111001100000101000001000011000000000001100000001110000000000111001000000101000001001000000000000000000000000000000000000000000000000000000000000
000000000000000000000000000000000000000000000000000000000000101110000000000011000011000000000001110000100000101000000100001100000000000011000011000000000001111100100000101000000100101100000000000011000011000000000001101100100000101000001001101100000000000011000011000000000001100001000000101000001001000000000000000000000000000000000000000000000000000000000000
000000000000000000000000000000000000000000000000000000000000110011000000000001100110000000000011011100100000101000000101110011000000000001101110000000000011011100100000101000000101110011000000000001101110000000000111011100100000101000001001110011000000000001101110000000000111011101000000101000001001000000000000000000000000000000000000000000000000000000000000
000000000000000000000000000000000000000000000000000000000000001110110000000000000000000000001101100100100000101000000101001100110000000000000000000000001101100100100000101000000101001100110000000000000000000000011101100100100000101000001001001100110000000000000000000000011001100101000000101000001001000000000000000000000000000000000000000000000000000000000000
000000000000000000000000000000000000000000000000000000000000000011011100000000000000000000111111000100100000101000000101000011011100000000000000000000111111000100100000101000000101000011011100000000000000000000110111000100100000101000001001000011011100000000000000000000110111000101000000101000001001000000000000000000000000000000000000000000000000000000000000
000000000000000000000000000000000000000000000000000000000000000001110110000000000000000001101100000100100000101000000101000001100110000000000000000011101100000100100000101000000101000001100110000000000000000011101100000100100000101000001001000001100110000000000000000011101100000101000000101000001001000000000000000000000000000000000000000000000000000000000000
000000000000000000000000000000000000000000000000000000000000000000011101100000000000000110110000000100100000101000000101000000011101100000000000001110110000000100100000101000000101000000011101100000000000001110110000000100100000101000001001000000011101100000000000001100110000000101000000101000001001000000000000000000000000000000000000000000000000000000000000
000000000000000000000000000000000000000000000000000000000000000000000110011000000000011011000000000100100000101000000101000000000110011000000000011011000000000100100000101000000101000000000110011000000000011011000000000100100000101000001001000000000110011000000000111011000000000101000000101000001001000000000000000000000000000000000000000000000000000000000000
000000000000000000000000000000000000000000000000000000000000000000000011101100000001110110000000000100100000101000000101000000000011101100000001110110000000000100100000101000000101000000000011101100000001110110000000000100100000101000001001000000000011101100000001100110000000000101000000101000001001000000000000000000000000000000000000000000000000000000000000
000000000000000000000000000000000000000000000000000000000000100000000000011011100111111000000000001100100000101000000100100000000000011011100111111000000000001100100000101000000100100000000000011011100110111000000000001101000000101000001001100000000000011011000110111000000000001001000000101000001001000000000000000000000000000000000000000000000000000000000000
000000000000000000000000000000000000000000000000000000000000011000000000001100111101100000000000011000100000101000000100111000000000001100111101100000000000011000100000101000000100111000000000001100111101100000000000111001000000101000001000111000000000001101111101100000000000111001000000101000001001000000000000000000000000000000000000000000000000000000000000
000000000000000000000000000000000000000000000000000000000000001100000000000011000111000000000001110000100000101000000100001100000000000011000111000000000001110000100000101000000100001100000000000011000111000000000001100001000000101000001000001100000000000011000111000000000001100001000000101000001001000000000000000000000000000000000000000000000000000000000000
000000000000000000000000000000000000000000000000000000000000000011100000000000100100000000000110000000100000101000000100000011100000000000101000000000000110000000100000101000000100000011100000000000101000000000000110000001000000101000001000000011100000000000101000000000000110000001000000101000001001000000000000000000000000000000000000000000000000000000000000
000000000000000000000000000000000000000000000000000000000000000000110000000000101000000000011000000000100000101000001100000000110000000000101000000000011000000000100000101000001000000000110000000000101000000000011000000000100000101000001000000000110000000000101000000000011000000001100000101000001001000000000000000000000000000000000000000000000000000000000000
000000000000000000000000000000000000000000000000000000000000111110011100000000101000000000110001111100110000101000011000111100011100000000101000000000110001111100110000101000011000111100011100000000101000000000110001111100110000101000011000111100011100000000101000000001110001111000110000101000011001000000000000000000000000000000000000000000000000000000000000
000000000000000000000000000000000000000000000000000000000000000011100011000000101000000111000111000011001110101001100011000011100011000000101000000111000110000011001100101001100011000011100011000000101000000111000110000011001100101001100011000011100011000000101000000111000110000111001100101001100011000000000000000000000000000000000000000000000000000000000000
000000000000000000000000000000000000000000000000000000000000000000110001100000101000000100011100000001110011101011001110000000110001100000101000000100011100000001110111101011001110000000110001100000101000000100011000000001100111101111001110000000110001100000101000000100011000000001100110101110001110000000000000000000000000000000000000000000000000000000000000
000000000000000000000000000000000000000000000000000000000000000000011000100000101000000000010000000000011001101110011000000000011000100000101000000000010000000000011001101110011000000000011000100000101000000000010000000000111001101100011000000000011000100000101000000000110000000000111001101100011000000000000000000000000000000000000000000000000000000000000000
000000000000000000000000000000000000000000000000000000000000000000110000100000101000000000001100000000000110000001100000000000110000100000101000000000001100000000000110000001100000000000110000100000101000000000001100000000000110000001100000000000110000100000101000000000011100000000001110000011100000000000000000000000000000000000000000000000000000000000000000
000000000000000000000000000000000000000000000000000000000000000011101100100000101000000000110111000000000001100110000000000011111100100000101000000000110111000000000011100110000000000011111100100000101000000000110111000000000011100110000000000011111100100000101000000001110110000000000011000110000000000000000000000000000000000000000000000000000000000000000000
000000000000000000000000000000000000000000000000000000000000001100110100100000101000000000001100110000000000011000000000001101110100100000101000000000001101110000000000011000000000001101110100100000101000000001001101110000000000111000000000001101100100100000101000000001011101100000000000111000000000000000000000000000000000000000000000000000000000000000000000
000000000000000000000000000000000000000000000000000000000000011011100100100000101000000000000111011000000000000000000000011011000100100000101000000000000111011000000000000000000000011011000100100000101000000001000110011000000000000000000000011011000100100000101000000001000110111000000000000000000000000000000000000000000000000000000000000000000000000000000000
000000000000000000000000000000000000000000000000000000000000100110000100100000101000000000000001100110000000000000000001101110000100100000101000000000000001101110000000000000000001101110000100100000101000000001000011101110000000000000000001101100000100100000101000000001000011101100000000000000000000000000000000000000000000000000000000000000000000000000000000
000000000000000000000000000000000000000000000000000000000000111000000100100000101000000000000000011001100000000000000110111000000100100000101000000000000000011011100000000000000110110000000100100000101000000001000000011011100000000000000110110000000100100000101000000001000000111011000000000000000111000000000000000000000000000000000000000000000000000000000000
000000000000000000000000000000000000000000000000000000000000100000000100100000101000000000000000000110110000000000001101100000000100100000101000000000000000001110110000000000001101100000000100100000101000000001000000001110110000000000011101100000000100100000101000000001000000001101110000000000011101000000000000000000000000000000000000000000000000000000000000
000000000000000000000000000000000000000000000000000000000000000000000100100000101000000000000000000011011100000000110111000000000100100000101000000000000000000011011100000000110111000000000100100000101000000001000000000011011100000000110110000000000100100000101000000001000000000111011000000000110110000000000000000000000000000000000000000000000000000000000000
000000000000000000000000000000000000000000000000000000000000000000000100100000101000000000100000000000110011000011011100000000000100100000101000000000000000000000110111000011011000000000000100100000101000000000000000000000110111000011011000000000000100100000101000000001000000000000110110000011011000000000000000000000000000000000000000000000000000000000000000
000000000000000000000000000000000000000000000000000000000000000000011100100000101000000000110000000000001101101110110000000000011100100000101000000000110000000000011101101111110000000000011100100000101000000000110000000000011101101111110000000000011100100000101000000000110000000000011101101111110000000000000000000000000000000000000000000000000000000000000000
000000000000000000000000000000000000000000000000000000000000000000110000100000101000000000011100000000000110111011100000000000110000100000101000000000011000000000000110111011000000000000110000100000101000000000011000000000000110111011000000000000110000100000101000000000011000000000000110111011000000000000000000000000000000000000000000000000000000000000000000
000000000000000000000000000000000000000000000000000000000000000011000000100000101000000000000011000000000001101100000000000011000000100000101000000000000111000000000001101100000000000111000000100000101000000000000111000000000001101100000000000111000000100000101000000000000111000000000001101100000000000000000000000000000000000000000000000000000000000000000000
000000000000000000000000000000000000000000000000000000000000001100011000100000101000001000011001110000000000101000000000001100011000100000101000001000011001110000000000101000000000001100011000100000101000001000011001110000000000101000000000011100110000100000101000001000011001100000000000101000000000000000000000000000000000000000000000000000000000000000000000
000000000000000000000000000000000000000000000000000000000000011001101100011000101000011000110110011000000000101000000000111001101100111000101000011000110110011000000000101000000000111001101100110000101000011000110110011000000000101000000000110001111100110000101000111000110110111000000000101000000000000000000000000000000000000000000000000000000000000000000000
000000000000000000000000000000000000000000000000000000000000000110000011100110101001100111000001100110000000101000000011000110000011101110101001100111000001100110000000101000000011001110000011001110101001100111000001100110000000101000000011001110000011001100101011100111000001100110000000101000000011000000000000000000000000000000000000000000000000000000000000
000000000000000000000000000000000000000000000000000000000000011100000000110011101111001100000000111001100000101000000110011100000000110011101111001100000000111001000000101000000110011000000001110011101111001100000000111001000000101000000110011000000001110011101110001100000000111001000000101000001111000000000000000000000000000000000000000000000000000000000000
000000000000000000000000000000000000000000000000000000000000010000000000011101100100111000000000001000100000101000000100010000000000011001100100111000000000001000100000101000000100010000000000011001101100111000000000001001000000101000001100010000000000011001101100111000000000001001000000101000001001000000000000000000000000000000000000000000000000000000000000
000000000000000000000000000000000000000000000000000000000000001100000000000111000011100000000000110000100000101000000100001100000000000111000011000000000000110000100000101000000100001100000000000110000011000000000000110001000000101000001000001100000000000110000011000000000000110001000000101000001001000000000000000000000000000000000000000000000000000000000000
000000000000000000000000000000000000000000000000000000000000110011000000000001100110000000000011011100100000101000000101110011000000000001100110000000000011011100100000101000000101110111000000000001100110000000000011011101100000101000001001110111000000000011100110000000000011011101000000101000001001000000000000000000000000000000000000000000000000000000000000
000000000000000000000000000000000000000000000000000000000000001101100000000000111000000000000110110100100000101000000101011101100000000000111000000000000110110100100000101000000101011101100000000000111000000000000110110100100000101000001001011001100000000000111000000000000110110101000000101000001001000000000000000000000000000000000000000000000000000000000000
000000000000000000000000000000000000000000000000000000000000000011011100000000000000000000111011000100100000101000000101000011011100000000000000000000111111000100100000101000000101000111011000000000000000000000111111000100100000101000001001000111011000000000000000000000111111000101000000101000001001000000000000000000000000000000000000000000000000000000000000
000000000000000000000000000000000000000000000000000000000000000001100110000000000000000001101110000100100000101000000101000001100110000000000000000001101100000100100000101000000101000001101110000000000000000001101100000100100000101000001001000001101110000000000000000001101100000101000000101000001001000000000000000000000000000000000000000000000000000000000000
000000000000000000000000000000000000000000000000000000000000000000011101100000000000000110111000000100100000101000000101000000011101100000000000000110110000000100100000101000000101000000011001100000000000000110110000000100100000101000001001000000011011100000000000000110110000000101000000101000001001000000000000000000000000000000000000000000000000000000000000
000000000000000000000000000000000000000000000000000000000000000000000110111000000000011001100000000100100000101000000101000000000110111000000000011011100000000100100000101000000101000000001110110000000000011011100000000100100000101000001001000000001110110000000000011011000000000101000000101000001001000000000000000000000000000000000000000000000000000000000000
000000000000000000000000000000000000000000000000000000000000000000000011101100000000110111000000000100100000101000000101000000000011101100000000110110000000000100100000101000000101000000000011011100000000110110000000000100100000101000001001000000000011011100000000110110000000000101000000101000001001000000000000000000000000000000000000000000000000000000000000
000000000000000000000000000000000000000000000000000000000000000000000000011011000111011000000000000100100000101000000100100000000000111011000111011000000000000100100000101000000101100000000000111011000111011000000000000101000000101000001001100000000000110011000111111000000000001101000000101000001001000000000000000000000000000000000000000000000000000000000000
000000000000000000000000000000000000000000000000000000000000110000000000001101111100110000000000011000100000101000000100110000000000001101101101110000000000011000100000101000000100110000000000001101101101110000000000011001000000101000001000110000000000011101101101100000000000011001000000101000001001000000000000000000000000000000000000000000000000000000000000
000000000000000000000000000000000000000000000000000000000000011100000000000111011011000000000000110000100000101000000100011100000000000111011011000000000000110000100000101000000100011100000000000111011011000000000001110001000000101000001000011100000000000110011111000000000001110001000000101000001001000000000000000000000000000000000000000000000000000000000000
000000000000000000000000000000000000000000000000000000000000000011100000000000100100000000000111000000100000101000000100000011000000000001100100000000000111000000100000101000000100000011000000000001101100000000000111000001000000101000001000000011000000000001101100000000000110000001000000101000001001000000000000000000000000000000000000000000000000000000000000
000000000000000000000000000000000000000000000000000000000000000000110000000000101000000000001100000000100000101000001100000001110000000000101000000000011100000000100000101000001100000001110000000000101000000000011100000000100000101000001000000001110000000000101000000000011100000001100000101000001001000000000000000000000000000000000000000000000000000000000000
000000000000000000000000000000000000000000000000000000000000011100011100000000101000000000111000111000110000101000001000011100011100000000101000000000110000111000110000101000001000111100011100000000101000000000110000111000110000101000011000111100011000000000101000000000110000111000110000101000011001000000000000000000000000000000000000000000000000000000000000
000000000000000000000000000000000000000000000000000000000000000011100011000000101000000111000111000111001100101001110011100011100011000000101000000111000111000110001100101001110011100011100111000000101000000111000111000110001100101001110011000011000111000000101000000111000111000110001100101001110011000000000000000000000000000000000000000000000000000000000000
000000000000000000000000000000000000000000000000000000000000000000110001100000101000000100001100000001100110101011000110000000110001100000101000000100001100000001100110101011000110000000110001100000101000000100001100000001100110101011001110000001110001100000101000000100011100000001100110101011001110000000000000000000000000000000000000000000000000000000000000
000000000000000000000000000000000000000000000000000000000000000000011000100000101000000000011000000000111001101110011100000000011000100000101000000000011000000000110001101110011000000000011000100000101000000000011000000000110001101110011000000000011000100000101000000000110000000000110001101110011000000000000000000000000000000000000000000000000000000000000000
000000000000000000000000000000000000000000000000000000000000000000111000100000101000000000011100000000001110000001100000000000111000100000101000000000011100000000001110000001100000000000110000100000101000000000011000000000001110000001100000000000110000100000101000000000011000000000001110000001100000000000000000000000000000000000000000000000000000000000000000
000000000000000000000000000000000000000000000000000000000000000001101100100000101000000000110110000000000011000111000000000001101100100000101000000000100110000000000011000111000000000011101100100000101000000000100110000000000011000111000000000011101100100000101000000001100110000000000011000110000000000000000000000000000000000000000000000000000000000000000000
000000000000000000000000000000000000000000000000000000000000000111011100100000101000000000011011100000000001111100000000000111011100100000101000000000111011000000000001111100000000000110011100100000101000000001111011000000000001111100000000000110111100100000101000000001111011000000000001111100000000000000000000000000000000000000000000000000000000000000000000
000000000000000000000000000000000000000000000000000000000000011111100100100000101000000000000110111000000000000000000000011011100100100000101000000000000110111000000000000000000000011011100100100000101000000001000110111000000000000000000000011011100100100000101000000001000110111000000000000000000000000000000000000000000000000000000000000000000000000000000000
000000000000000000000000000000000000000000000000000000000000110110000100100000101000000000000011101100000000000000000001110110000100100000101000000000000011001100000000000000000001110110000100100000101000000001000011001100000000000000000001100110000100100000101000000001000011001100000000000000000000000000000000000000000000000000000000000000000000000000000000
000000000000000000000000000000000000000000000000000000000000011100000100100000101000000000000000110111000000000000000011011100000100100000101000000000000000110110000000000000000011011100000100100000101000000001000000110110000000000000000011011100000100100000101000000001000000110110000000000000000011000000000000000000000000000000000000000000000000000000000000
000000000000000000000000000000000000000000000000000000000000100000000100100000101000000000000000001101110000000000001101100000000100100000101000000000000000001101110000000000001101100000000100100000101000000001000000001101110000000000001101100000000100100000101000000001000000001101110000000000001101000000000000000000000000000000000000000000000000000000000000
000000000000000000000000000000000000000000000000000000000000000000000100100000101000000000000000000111011000000000111011000000000100100000101000000000000000000110011000000000110011000000000100100000101000000001000000000110011000000000110011000000000100100000101000000001000000000110011000000000110111000000000000000000000000000000000000000000000000000000000000
000000000000000000000000000000000000000000000000000000000000000000000100100000101000000000000000000001110110000011001100000000000100100000101000000000000000000001110110000011001100000000000100100000101000000000000000000001110110000011011100000000000100100000101000000001000000000001110110000011011100000000000000000000000000000000000000000000000000000000000000
000000000000000000000000000000000000000000000000000000000000000000001100100000101000000000110000000000011001100110110000000000001100100000101000000000110000000000011001101110110000000000011100100000101000000000110000000000011001101110110000000000011100100000101000000000110000000000011001101110110000000000000000000000000000000000000000000000000000000000000000
000000000000000000000000000000000000000000000000000000000000000000111000100000101000000000011000000000001110111001100000000000111000100000101000000000011000000000001110111001100000000000110000100000101000000000011000000000001110111001100000000000110000100000101000000000011000000000001110111011100000000000000000000000000000000000000000000000000000000000000000
000000000000000000000000000000000000000000000000000000000000000011000000100000101000000000000111000000000001101110000000000011000000100000101000000000000111000000000001101110000000000011000000100000101000000000000111000000000001101110000000000011000000100000101000000000000111000000000001101110000000000000000000000000000000000000000000000000000000000000000000
000000000000000000000000000000000000000000000000000000000000001110000000100000101000000000000001100000000000101000000000001100000000100000101000000000000001100000000000101000000000001100000000100000101000001000000001100000000000101000000000001100000000100000101000001000000001100000000000101000000000000000000000000000000000000000000000000000000000000000000000
000000000000000000000000000000000000000000000000000000000000011001111100110000101000011000111110111000000000101000000000011001111100110000101000011000111110111000000000101000000000011001111100110000101000011000111100111000000000101000000000011001111100110000101000011000111100111000000000101000000000000000000000000000000000000000000000000000000000000000000000
000000000000000000000000000000000000000000000000000000000000000110000011001100101001100011000001100110000000101000000011100110000011001100101001100011000011100110000000101000000011100110000011001100101001100011000011100110000000101000000011100110000011001100101001100111000011100110000000101000000011000000000000000000000000000000000000000000000000000000000000
000000000000000000000000000000000000000000000000000000000000011100000001100011101111000110000000111011000000101000000110011100000001100011101111001110000000110011000000101000000110011100000001100011101111001110000000110011000000101000000110011100000001100011101111001100000000110011000000101000000111000000000000000000000000000000000000000000000000000000000000
000000000000000000000000000000000000000000000000000000000000010000000000011001100100011000000000001001100000101000000100010000000000011001101100011000000000011001100000101000000100010000000000011001101100011000000000011001000000101000001100010000000000011001101100111000000000011001000000101000001101000000000000000000000000000000000000000000000000000000000000
000000000000000000000000000000000000000000000000000000000000001100000000000110000001100000000000110000100000101000000100011100000000000110000001100000000000110000100000101000000100011100000000000110000011100000000000110000100000101000001000011100000000000110000011100000000000110001000000101000001001000000000000000000000000000000000000000000000000000000000000
000000000000000000000000000000000000000000000000000000000000110111000000000011100111000000000001101100100000101000000101110110000000000011100111000000000011101100100000101000000101100110000000000011100110000000000011101100100000101000001001100110000000000011100110000000000011011101000000101000001001000000000000000000000000000000000000000000000000000000000000
000000000000000000000000000000000000000000000000000000000000011001100000000000111100000000000111111100100000101000000101011011100000000000111100000000000110111100100000101000000101011011100000000000111100000000000110111100100000101000001001011011100000000000111100000000000110110101000000101000001001000000000000000000000000000000000000000000000000000000000000
000000000000000000000000000000000000000000000000000000000000000110011000000000000000000000011011000100100000101000000101000110011000000000000000000000011011000100100000101000000101000110011000000000000000000000111011000100100000101000001001000110011000000000000000000000111011000101000000101000001001000000000000000000000000000000000000000000000000000000000000
000000000000000000000000000000000000000000000000000000000000000011101100000000000000000001110110000100100000101000000101000011101100000000000000000001110110000100100000101000000101000011101100000000000000000001100110000100100000101000001001000011101100000000000000000001101110000101000000101000001001000000000000000000000000000000000000000000000000000000000000
000000000000000000000000000000000000000000000000000000000000000000110011000000000000000011011000000100100000101000000101000000110011000000000000000011011000000100100000101000000101000000110011000000000000000111011000000100100000101000001001000000110011000000000000000111011000000101000000101000001001000000000000000000000000000000000000000000000000000000000000
000000000000000000000000000000000000000000000000000000000000000000001110110000000000001101100000000100100000101000000101000000001100110000000000011101100000000100100000101000000101000000001100110000000000011101100000000100100000101000001001000000001100110000000000011001100000000101000000101000001001000000000000000000000000000000000000000000000000000000000000
000000000000000000000000000000000000000000000000000000000000000000000011011100000000111111000000000100100000101000000101000000000011011100000000110111000000000100100000101000000101000000000011011100000000110111000000000100100000101000001001000000000011011100000000110111000000000101000000101000001001000000000000000000000000000000000000000000000000000000000000
000000000000000000000000000000000000000000000000000000000000000000000001110110000001101100000000000100100000101000000101000000000001100110000011101100000000000100100000101000000101000000000001100110000011101100000000000100100000101000001001000000000001100110000011001100000000000101000000101000001001000000000000000000000000000000000000000000000000000000000000
000000000000000000000000000000000000000000000000000000000000110000000000011101101110110000000000011100100000101000000100110000000000011101101110110000000000011000100000101000000100110000000000011101101100110000000000011001000000101000001000110000000000011101101100110000000000011001000000101000001001000000000000000000000000000000000000000000000000000000000000
000000000000000000000000000000000000000000000000000000000000011100000000000110011011000000000000110000100000101000000100011100000000000110011011000000000000110000100000101000000100011100000000000110011011000000000000110001000000101000001000011100000000000110111011000000000000110001000000101000001001000000000000000000000000000000000000000000000000000000000000
000000000000000000000000000000000000000000000000000000000000000011000000000001100100000000000111000000100000101000000100000011000000000001101100000000000111000000100000101000000100000011000000000001101100000000000111000001000000101000001000000111000000000001101100000000000111000001000000101000001001000000000000000000000000000000000000000000000000000000000000
000000000000000000000000000000000000000000000000000000000000000001100000000000100000000000001100000000100000101000000100000001100000000000101000000000001100000000100000101000001100000001100000000000101000000000001100000000100000101000001000000001100000000000101000000000001100000001000000101000001001000000000000000000000000000000000000000000000000000000000000
000000000000000000000000000000000000000000000000000000000000011100011000000000101000000000111000111000110000101000001100011100011000000000101000000000111000111000110000101000001000011100011000000000101000000000111000111000110000101000001000011100011000000000101000000000111000111001100000101000001001000000000000000000000000000000000000000000000000000000000000
000000000000000000000000000000000000000000000000000000000000100011000111000000101000000011000011000110001100101000110001100011000111000000101000000011000111000110001100101001110001100011000110000000101000000011000111000110011100101001110001100011000110000000101000000011000111000110011000101001110011000000000000000000000000000000000000000000000000000000000000
000000000000000000000000000000000000000000000000000000000000000001110001100000101000000110001110000001100110101011100110000001110001100000101000000110001100000001100110101011000110000001100011100000101000000110001100000011100110101011000110000001100011100000101000000110001100000011101110101011000110000000000000000000000000000000000000000000000000000000000000
000000000000000000000000000000000000000000000000000000000000000000011000100000101000000100011000000000110011101110001100000000011000100000101000000000011000000000110011101110001100000000011000100000101000000000011000000000110011101110001100000000011000100000101000000000011000000000110011101110011100000000000000000000000000000000000000000000000000000000000000
000000000000000000000000000000000000000000000000000000000000000000011000100000101000000000011000000000001110000001110000000000011000100000101000000000011000000000001110000001110000000000011000100000101000000000011000000000001110000001110000000000111000100000101000000000011000000000001100000001110000000000000000000000000000000000000000000000000000000000000000
000000000000000000000000000000000000000000000000000000000000000001101100100000101000000000100110000000000011000011000000000001101000100000101000000000100110000000000011000011000000000001101000100000101000000000100110000000000011000011000000000001101100100000101000000000101110000000000111000111000000000000000000000000000000000000000000000000000000000000000000
000000000000000000000000000000000000000000000000000000000000000011011100100000101000000000111011000000000001111110000000000011011100100000101000000000111011000000000001111110000000000011011100100000101000000000111011000000000001111110000000000111011100100000101000000001111011000000000001101100000000000000000000000000000000000000000000000000000000000000000000
000000000000000000000000000000000000000000000000000000000000011101100100100000101000000000000110111000000000000000000000011111100100100000101000000000000110111000000000000000000000011111100100100000101000000001001110111000000000000000000000011111100100100000101000000001001110110000000000000000000000000000000000000000000000000000000000000000000000000000000000
000000000000000000000000000000000000000000000000000000000000110111000100100000101000000000000011001100000000000000000000110110000100100000101000000000000011001100000000000000000000110110000100100000101000000001000011001100000000000000000000110110000100100000101000000001000011011100000000000000000000000000000000000000000000000000000000000000000000000000000000
000000000000000000000000000000000000000000000000000000000000001100000100100000101000000000000000110110000000000000000001101100000100100000101000000000000000110110000000000000000001111100000100100000101000000001000001110110000000000000000011111100000100100000101000000001000001110110000000000000000011000000000000000000000000000000000000000000000000000000000000
000000000000000000000000000000000000000000000000000000000000110000000100100000101000000000000000001101110000000000001111110000000100100000101000000000000000001101110000000000001111110000000100100000101000000001000000001101110000000000001111100000000100100000101000000001000000011101100000000000001101000000000000000000000000000000000000000000000000000000000000
000000000000000000000000000000000000000000000000000000000000000000000100100000101000000000000000000110011000000000011011000000000100100000101000000000000000000110011000000000011011000000000100100000101000000001000000000110011000000000011011000000000100100000101000000001000000000110111000000000111011000000000000000000000000000000000000000000000000000000000000
000000000000000000000000000000000000000000000000000000000000000000000100100000101000000000000000000001101110000001111110000000000100100000101000000000000000000001101110000001111110000000000100100000101000000001000000000001101100000001111110000000000100100000101000000001000000000011101100000001101110000000000000000000000000000000000000000000000000000000000000
000000000000000000000000000000000000000000000000000000000000000000001100100000101000000000100000000000011011100110111000000000001100100000101000000000100000000000011011100110110000000000001100100000101000000000100000000000011011000110110000000000001100100000101000000001100000000000111011000110110000000000000000000000000000000000000000000000000000000000000000
000000000000000000000000000000000000000000000000000000000000000000011000100000101000000000111000000000001110111101100000000000011000100000101000000000111000000000001110111101100000000000011000100000101000000000111000000000001111111101100000000000111000100000101000000000111000000000001101111101100000000000000000000000000000000000000000000000000000000000000000
000000000000000000000000000000000000000000000000000000000000000001100000100000101000000000001110000000000011000111000000000001100000100000101000000000001110000000000011000111000000000001100000100000101000000000001100000000000011000110000000000001100000100000101000000000001100000000000111000110000000000000000000000000000000000000000000000000000000000000000000
000000000000000000000000000000000000000000000000000000000000000010000000100000001000000000000001000000000000101100000000000110000000100000101000000000000011000000000000101100000000000110000000100000101000000000000011000000000000101000000000000110000000100000101000000000000011000000000001101000000000000000000000000000000000000000000000000000000000000000000000
