000000000000000000000000000000000000000000000000000000000000000000000000000000000000000000000000000000000000000000000000000000000000000000000000000000000000000000000000000000000000000000000000000000000000000000000000000000000000000000000000000000000000000000000000000000000000000000000000000000000000000000000000000000000000000000000000000000000000000000000000
000000000000000000000000000000000000000000000000000000000000000000000000000000000000000000000000000000000000000000000000000000000000000000000000000000000000000000000000000000000000000000000000000000000000000000000000000000000000000000000000000000000000000000000000000000000000000000000000000000000000000000000000000000000000000000000000000000000000000000000000
000000000000000000000000000000000000000000000000000000000000000000000000000000000000000000000000000000000000000000000000000000000000000000000000000000000000000000000000000000000000000000000000000000000000000000000000000000000000000000000000000000000000000000000000000000000000000000000000000000000000000000000000000000000000000000000000000000000000000000000000
000000000000000000000000000000000000000000000000000000000000000000000000000000000000000000000000000000000000000000000000000000000000000000000000000000000000000000000000000000000000000000000000000000000000000000000000000000000000000000000000000000000000000000000000000000000000000000000000000000000000000000000000000000000000000000000000000000000000000000000000
000000000000000000000000000000000000000000000000000000000000000000000000000000000000000000000000000000000000000000000000000000000000000000000000000000000000000000000000000000000000000000000000000000000000000000000000000000000000000000000000000000000000000000000000000000000000000000000000000000000000000000000000000000000000000000000000000000000000000000000000
000000000000000000000000000000000000000000000000000000000000000000000000000000000000000000000000000000000000000000000000000000000000000000000000000000000000000000000000000000000000000000000000000000000000000000000000000000000000000000000000000000000000000000000000000000000000000000000000000000000000000000000000000000000000000000000000000000000000000000000000
000000000000000000000000000000000000000000000000000000000000000000000000000000000000000000000000000000000000000000000000000000000000000000000000000000000000000000000000000000000000000000000000000000000000000000000000000000000000000000000000000000000000000000000000000000000000000000000000000000000000000000000000000000000000000000000000000000000000000000000000
000000000000000000000000000000000000000000000000000000000000000000000000000000000000000000000000000000000000000000000000000000000000000000000000000000000000000000000000000000000000000000000000000000000000000000000000000000000000000000000000000000000000000000000000000000000000000000000000000000000000000000000000000000000000000000000000000000000000000000000000
000000000000000000000000000000000000000000000000000000000000000000000000000000000000000000000000000000000000000000000000000000000000000000000000000000000000000000000000000000000000000000000000000000000000000000000000000000000000000000000000000000000000000000000000000000000000000000000000000000000000000000000000000000000000000000000000000000000000000000000000
000000000000000000000000000000000000000000000000000000000000000000000000000000000000000000000000000000000000000000000000000000000000000000000000000000000000000000000000000000000000000000000000000000000000000000000000000000000000000000000000000000000000000000000000000000000000000000000000000000000000000000000000000000000000000000000000000000000000000000000000
000000000000000000000000000000000000000000000000000000000000000000000000000000000000000000000000000000000000000000000000000000000000000000000000000000000000000000000000000000000000000000000000000000000000000000000000000000000000000000000000000000000000000000000000000000000000000000000000000000000000000000000000000000000000000000000000000000000000000000000000
000000000000000000000000000000000000000000000000000000000000000000000000000000000000000000000000000000000000000000000000000000000000000000000000000000000000000000000000000000000000000000000000000000000000000000000000000000000000000000000000000000000000000000000000000000000000000000000000000000000000000000000000000000000000000000000000000000000000000000000000
000000000000000000000000000000000000000000000000000000000000000000000000000000000000000000000000000000000000000000000000000000000000000000000000000000000000000000000000000000000000000000000000000000000000000000000000000000000000000000000000000000000000000000000000000000000000000000000000000000000000000000000000000000000000000000000000000000000000000000000000
000000000000000000000000000000000000000000000000000000000000000000000000000000000000000000000000000000000000000000000000000000000000000000000000000000000000000000000000000000000000000000000000000000000000000000000000000000000000000000000000000000000000000000000000000000000000000000000000000000000000000000000000000000000000000000000000000000000000000000000000
000000000000000000000000000000000000000000000000000000000000000000000000000000000000000000000000000000000000000000000000000000000000000000000000000000000000000000000000000000000000000000000000000000000000000000000000000000000000000000000000000000000000000000000000000000000000000000000000000000000000000000000000000000000000000000000000000000000000000000000000
000000000000000000000000000000000000000000000000000000000000000000000000000000000000000000000000000000000000000000000000000000000000000000000000000000000000000000000000000000000000000000000000000000000000000000000000000000000000000000000000000000000000000000000000000000000000000000000000000000000000000000000000000000000000000000000000000000000000000000000000
000000000000000000000000000000000000000000000000000000000000000000000000000000000000000000000000000000000000000000000000000000000000000000000000000000000000000000000000000000000000000000000000000000000000000000000000000000000000000000000000000000000000000000000000000000000000000000000000000000000000000000000000000000000000000000000000000000000000000000000000
000000000000000000000000000000000000000000000000000000000000000000000000000000000000000000000000000000000000000000000000000000000000000000000000000000000000000000000000000000000000000000000000000000000000000000000000000000000000000000000000000000000000000000000000000000000000000000000000000000000000000000000000000000000000000000000000000000000000000000000000
000000000000000000000000000000000000000000000000000000000000000000000000000000000000000000000000000000000000000000000000000000000000000000000000000000000000000000000000000000000000000000000000000000000000000000000000000000000000000000000000000000000000000000000000000000000000000000000000000000000000000000000000000000000000000000000000000000000000000000000000
000000000000000000000000000000000000000000000000000000000000000000000000000000000000000000000000000000000000000000000000000000000000000000000000000000000000000000000000000000000000000000000000000000000000000000000000000000000000000000000000000000000000000000000000000000000000000000000000000000000000000000000000000000000000000000000000000000000000000000000000
000000000000000000000000000000000000000000000000000000000000000000000000000000000000000000000000000000000000000000000000000000000000000000000000000000000000000000000000000000000000000000000000000000000000000000000000000000000000000000000000000000000000000000000000000000000000000000000000000000000000000000000000000000000000000000000000000000000000000000000000
000000000000000000000000000000000000000000000000000000000000000000000000000000000000000000000000000000000000000000000000000000000000000000000000000000000000000000000000000000000000000000000000000000000000000000000000000000000000000000000000000000000000000000000000000000000000000000000000000000000000000000000000000000000000000000000000000000000000000000000000
000000000000000000000000000000000000000000000000000000000000000000000000000000000000000000000000000000000000000000000000000000000000000000000000000000000000000000000000000000000000000000000000000000000000000000000000000000000000000000000000000000000000000000000000000000000000000000000000000000000000000000000000000000000000000000000000000000000000000000000000
000000000000000000000000000000000000000000000000000000000000000000000000000000000000000000000000000000000000000000000000000000000000000000000000000000000000000000000000000000000000000000000000000000000000000000000000000000000000000000000000000000000000000000000000000000000000000000000000000000000000000000000000000000000000000000000000000000000000000000000000
000000000000000000000000000000000000000000000000000000000000000000000000000000000000000000000000000000000000000000000000000000000000000000000000000000000000000000000000000000000000000000000000000000000000000000000000000000000000000000000000000000000000000000000000000000000000000000000000000000000000000000000000000000000000000000000000000000000000000000000000
000000000000000000000000000000000000000000000000000000000000000000000000000000000000000000000000000000000000000000000000000000000000000000000000000000000000000000000000000000000000000000000000000000000000000000000000000000000000000000000000000000000000000000000000000000000000000000000000000000000000000000000000000000000000000000000000000000000000000000000000
000000000000000000000000000000000000000000000000000000000000000000000000000000000000000000000000111111110000000000000000000000000000000000000000000000000000000000000000000000000000000000000000000000000000000000000000000000000000000000000000000000000111100000000000000000111111100000000000000000000000000000000000000000000000000000000000000000000000000000000000
000000000000000000000000000000010000000000000000001100000000000000000000000000000000000000000111000000000110000000000000000000000000000000000000000000000000000000000000000000000000000000000000000000000000000000000000000000000000000000000000000000001100010000000000000110000000001110000000000000000000000000000000000000000000000000000000000000000000000000000000
000000000000000000000000000000010000000000000000000100000000000000000000000000000000000000001100000000000011000000000000000000000000000000000000000000000000000000000000000000000000000000000000000000000000000000000000000000000000000000000000000000001000010000000000001000000000000011000000000000000000000000000000000000000000000000000000000000000000000000000000
000000000000000000000000000000010000000000000000000100000000000000000000000000000000000000011000000000000001100000000000000000000000000000000000000000000000000000000000000000000000000000100000000000000000000000000000000000000000000000000000000000010000010000000000011000000000000001000000000000000000000000000000000000000000000000000000000000000000000000000000
000000000000000000000000000000010000000000000000000100000000000000000000000000000000000000010000001111000000110000000000000000000000000000000000000000000000000000000000000000000000000111111000000000000000000000000000000000000000000000000000000000110000010000000000110000001111000000100000000000000000000000000000000000000000000000000000000000000000000000000000
000000000000000000000000000000011111111111111000001100000000000000000000000000000000000000100000110001110000010000000000000000000000111111000000000000000000000000000000000000000000011100001000000000000000000000000000000000000000000000000000000001100000010000000000100000110001100000100000000000000000000000000000000000000000000000000000000000000000000000000000
000000000000000000000000000000000000000000001000011000000000000000000000000000000000000000100001000000011000010000000000000000000001100001000000000000000000000000000011111110000000110111110000000000000000000000000000000000000000000000000000000110000000010000000001000001000000010000010000000000000000000000000000000000000000000000000000000000000000000000000000
000000000000000000000000000000000000000000011000110000000000000000000000000000000000000000100001000000001000001000000000000000000000100001000000000000000000000000000011110001000001111100000000000000000000000000000000000000000000000000000000011100000000010000000001000011000000010000010000000000000000000000000000000000000000000000000000000000000000000000000000
000000000000000000000000000000000000000000110000100000000000000000000000000000000000000001000001000000001000001000000000000000000000100001000000000000000000000000000000010001000001110000000000000000000001111111111111111111110000000000000000110000000000010000000001000010000000010000010000000000000000000000000000000000000000000000000000000000000000000000000000
000000000000000000000000000000000000000000100001100000000000000000000000000000000000000001100010000000001000001000000000000000000000100001000000000000000000000000000000010001000011100000000000000000000001000000000000000000010000000000000011100000010000010000000001000110000000010000010000000000000000000000000000000000000000000000000000000000000000000000000000
000000000000000000000000000000000000000001000001000000000000000000000000000000000000000000100110000000001000001000000000000000000000100001000000000000000000000000000000010001000111000000000000000000000001000000000000000000010000000000000010000001100000010000000001100100000000010000010000000000000000000000000000000000000000000000000000000000000000000000000000
000000000000000000000000000000000000000011000010000000000000000000000000000000000000000000011000000000011000010000000000000000000000100001000000000000000000000000000000001001001010000000000000000000000001000000000000000000010000000000000011000111000000010000000000011000000000010000010000000000000000000000000000000000000000000000000000000000000000000000000000
000000000000000000000000000000000000000010000110000000000000000000000000000000000000000000000000000000110000010000000000000001111111000001111111100000000000000000000000001001011110000000000000000000000001000000000000000000010000000000000001111100000000010000000000000000000000100000100000000000000000000000000000000000000000000000000000000000000000000000000000
000000000000000000000000000000000000000110000100000000000000000000000000000000000000000000000000000000100000110000000000000010000000000000000000100000000000000000000000001001111100000000000000000000000001111111111111111111110000000000000000000000000000010000000000000000000001100000100000000000000000000000000000000000000000000000000000000000000000000000000000
000000000000000000000000000000000000000100001100000000000000000000000000000000000000000000000000000001100001100000000000000010000000000000000000000000000000000000000000001000111000000000000000000000000000000000000000000000000000000000000000000000000000010000000000000000000011000001000000000000000000000000000000000000000000000000000000000000000000000000000000
000000000000000000000000000000000000001100001000000000000000000000000000000000000000000000000000000011000001000000000000000010000000000000000000000000000000000000000000000100110000000000000000000000000000000000000000000000000000000000000000000000000000010000000000000000000110000011000000000000000000000000000000000000000000000000000000000000000000000000000000
000000000000000000000000000000000000001000010000000000000000000000000000100000000000000000000000001100000010000000000000000010000000000000000000000000000000000000000000000100100000000000000000000000000000000000000000000000000000000000000000000000000000010000000000000000001100000110000000000000000000000000000000000000000000000000000000000000000000000000000000
000000000000000000000000000000000000011000010000000000000000000011111111111100000000000000000000011000001100000000000000000010000000000000000000000000000000000000000000000100100000000000000000000000000001111111111111111111110000000000000000000000000000010000000000000000010000001100000000000000000000000000000000000000000000000000000000000000000000000000000000
000000000000000000000000000000000000010000010000000000000000000010000000000100000000000000000000110000011000000000000000000011111111000001111111100000000000000000000000001100110000000000000000000000000001000000000000000000010000000000000000000000000000010000000000000001110000011000000000000000000000000000000000000000000000000000000000000000000000000000000000
000000000000000000000000000000000000010000100000000000000000000100000000000000000000000000000001100000110000000000000000000000000001100001000000000000000000000000000000001010010000000000000000000000000001000000000000000000010000000000000000000000000000010000000000000011000000110000000000000000000000000000000000000000000000000000000000000000000000000000000000
000000000000000000000000000000000000000000100000000000000000000110000000000000000000000000000011000001100000000000000000000000000000100001000000000000000000000000000000011110010000000000000000000000000001000000000000000000010000000000000000000000000000010000000000000110000001000000000000000000000000000000000000000000000000000000000000000000000000000000000000
000000000000000000000000000000000000100000100000000000000000000011111111111100000000000000001100000010000000000000000000000000000000100001000000000000000000000000000000111001010000000000000000000000000001000000000000000000010000000000000000000000000000010000000000001100000110000000000000000000000000000000000000000000000000000000000000000000000000000000000000
000000000000000000000000000000000000100000000000000000000000000000000000000000000000000000011000001110000000000000000000000000000000100001000000000000000000000000000000111001001000000000000000000000000001111111111111111111110000000000000000000000000000010000000000011000001100000000000000000000000000000000000000000000000000000000000000000000000000000000000000
000000000000000000000000000000000000100000000000000000000000000000000000000000000000000000010000011000000000000000000000000000000000100001000000000000000000000000000001110001001000000000000000000000000000000000000000000000000000000000000000000000000000010000000000110000011000000000000000000000000000000000000000000000000000000000000000000000000000000000000000
000000000000000000000000000000000001100000000000000000000000000000000000000000000000000000110000110000000000000000000000000000000000100001000000000000000000000000000011100001001000000000000000000000000000000000000000000000000000000000000000000000000000010000000000100000110000000000000000000000000000000000000000000000000000000000000000000000000000000000000000
000000000000000000000000000000000001000001000000000000000000000000000000000000000000000000100000111111111111110000000000000000000000111111000000000000000000000000000111100001001000000000000000000000000000000000000000000000000000000000000000000000000000010000000001100000111111111111110000000000000000000000000000000000000000000000000000000000000000000000000000
000000000000000000000000000000000001000001000000000000000000000000000000000000000000000001100000000000000000011000000000000000000000000000000000000000000000000000001111000001001000000000000000000000000000000000000000000000000000000000000000000000000000010000000001000000000000000000010000000000000000000000000000000000000000000000000000000000000000000000000000
000000000000000000000000000000000001000001000000000000000000000000000000000000000000000001000000000000000000001000000000000000000000000000000000000000000000000000001110000001001000000000000000000000000000000000000000000000000000000000000000000000000000010000000001000000000000000000001000000000000000000000000000000000000000000000000000000000000000000000000000
000000000000000000000000000000000001000001000000000000000000000000000000000000000000000001100000000000000000001000000000000000000000000000000000000000000000000000010100000001001000000000000000000000000000000000000000000000000000000000000000000000000000010000000001000000000000000000001000000000000000000000000000000000000000000000000000000000000000000000000000
000000000000000000000000000000000001100011000000000000000000000000000000000000000000000000100000000000000000011000000000000000000000000000000000000000000000000001111100000001001111100000000000000000000000000000000000000000000000000000000000000000001000010000000001100000000000000000010000000000000000000000000000000000000000000000000000000000000000000000000000
000000000000000000000000000000000000111100000000000000000000000000000000000000000000000000001111111111111111100000000000000000000000000000000000000000000000011100010000000001111111100000000000000000000000000000000000000000000000000000000000000000001111100000000000001111111111111111000000000000000000000000000000000000000000000000000000000000000000000000000000
000000000000000000000000000000000000000000000000000000000000000000000000000000000000000000000000000000000000000000000000000000000000000000000000000000000000010001110000000000000000000000000000000000000000000000000000000000000000000000000000000000000000000000000000000000000000000000000000000000000000000000000000000000000000000000000000000000000000000000000000
000000000000000000000000000000000000000000000000000000000000000000000000000000000000000000000000000000000000000000000000000000000000000000000000000000000000010011000000000000000000000000000000000000000000000000000000000000000000000000000000000000000000000000000000000000000000000000000000000000000000000000000000000000000000000000000000000000000000000000000000
000000000000000000000000000000000000000000000000000000000000000000000000000000000000000000000000000000000000000000000000000000000000000000000000000000000000001100000000000000000000000000000000000000000000000000000000000000000000000000000000000000000000000000000000000000000000000000000000000000000000000000000000000000000000000000000000000000000000000000000000
000000000000000000000000000000000000000000000000000000000000000000000000000000000000000000000000000000000000000000000000000000000000000000000000000000000000000000000000000000000000000000000000000000000000000000000000000000000000000000000000000000000000000000000000000000000000000000000000000000000000000000000000000000000000000000000000000000000000000000000000
000000000000000000000000000000000000000000000000000000000000000000000000000000000000000000000000000000000000000000000000000000000000000000000000000000000000000000000000000000000000000000000000000000000000000000000000000000000000000000000000000000000000000000000000000000000000000000000000000000000000000000000000000000000000000000000000000000000000000000000000
000000000000000000000000000000000000000000000000000000000000000000000000000000000000000000000000000000000000000000000000000000000000000000000000000000000000000000000000000000000000000000000000000000000000000000000000000000000000000000000000000000000000000000000000000000000000000000000000000000000000000000000000000000000000000000000000000000000000000000000000
000000000000000000000000000000000000000000000000000000000000000000000000000000000000000000000000000000000000000000000000000000000000000000000000000000000000000000000000000000000000000000000000000000000000000000000000000000000000000000000000000000000000000000000000000000000000000000000000000000000000000000000000000000000000000000000000000000000000000000000000
000000000000000000000000000000000000000000000000000000000000000000000000000000000000000000000000000000000000000000000000000000000000000000000000000000000000000000000000000000000000000000000000000000000000000000000000000000000000000000000000000000000000000000000000000000000000000000000000000000000000000000000000000000000000000000000000000000000000000000000000
000000000000000000000000000000000000000000000000000000000000000000000000000000000000000000000000000000000000000000000000000000000000000000000000000000000000000000000000000000000000000000000000000000000000000000000000000000000000000000000000000000000000000000000000000000000000000000000000000000000000000000000000000000000000000000000000000000000000000000000000
000000000000000000000000000000000000000000000000000000000000000000000000000000000000000000000000000000000000000000000000000000000000000000000000000000000000000000000000000000000000000000000000000000000000000000000000000000000000000000000000000000000000000000000000000000000000000000000000000000000000000000000000000000000000000000000000000000000000000000000000
000000000000000000000000000000000000000000000000000000000000000000000000000000000000000000000000000000000000000000000000000000000000000000000000000000000000000000000000000000000000000000000000000000000000000000000000000000000000000000000000000000000000000000000000000000000000000000000000000000000000000000000000000000000000000000000000000000000000000000000000
000000000000000000000000000000000000000000000000000000000000000000000000000000000000000000000000000000000000000000000000000000000000000000000000000000000000000000000000000000000000000000000000000000000000000000000000000000000000000000000000000000000000000000000000000000000000000000000000000000000000000000000000000000000000000000000000000000000000000000000000
000000000000000000000000000000000000000000000000000000000000000000000000000000000000000000000000000000000000000000000000000000000000000000000000000000000000000000000000000000000000000000000000000000000000000000000000000000000000000000000000000000000000000000000000000000000000000000000000000000000000000000000000000000000000000000000000000000000000000000000000
000000000000000000000000000000000000000000000000000000000000000000000000000000000000000000000000000000000000000000000000000000000000000000000000000000000000000000000000000000000000000000000000000000000000000000000000000000000000000000000000000000000000000000000000000000000000000000000000000000000000000000000000000000000000000000000000000000000000000000000000
000000000000000000000000000000000000000000000000000000000000000000000000000000000000000000000000000000000000000000000000000000000000000000000000000000000000000000000000000000000000000000000000000000000000000000000000000000000000000000000000000000000000000000000000000000000000000000000000000000000000000000000000000000000000000000000000000000000000000000000000
000000000000000000000000000000000000000000000000000000000000000000000000000000000000000000000000000000000000000000000000000000000000000000000000000000000000000000000000000000000000000000000000000000000000000000000000000000000000000000000000000000000000000000000000000000000000000000000000000000000000000000000000000000000000000000000000000000000000000000000000
000000000000000000000000000000000000000000000000000000000000000000000000000000000000000000000000000000000000000000000000000000000000000000000000000000000000000000000000000000000000000000000000000000000000000000000000000000000000000000000000000000000000000000000000000000000000000000000000000000000000000000000000000000000000000000000000000000000000000000000000
000000000000000000000000000000000000000000000000000000000000000000000000000000000000000000000000000000000000000000000000000000000000000000000000000000000000000000000000000000000000000000000000000000000000000000000000000000000000000000000000000000000000000000000000000000000000000000000000000000000000000000000000000000000000000000000000000000000000000000000000
000000000000000000000000000000000000000000000000000000000000000000000000000000000000000000000000000000000000000000000000000000000000000000000000000000000000000000000000000000000000000000000000000000000000000000000000000000000000000000000000000000000000000000000000000000000000000000000000000000000000000000000000000000000000000000000000000000000000000000000000
000000000000000000000000000000000011111111111111100000000000000000000000000000000000000000000000000000000000000000000000000000000000000000000000000000000000000000000000000000111100000000000000001111111111000000000000000000000000000000000000000000000000000000000000000000000000000000000000000000000000000000000000000000000000000000000000000000000000000000000000
000000000000000000000000000000000110000000000000110000000000000000000000000000000000000000000000000000000000000000000000000000000000000000000000000000000000000000000000000001100110000000000000110000000001100000000000000000000000000000000000000000000000000000000000000000000000000000000000000000000000000000000000000000000000000000000000000000000000000000000000
000000000000000000000000000000001100000000000000011000000000000000000000000000000000000000000000000000000000000000000000000000000000000000000000000000000000000000000000000001000010000000000001100000000000111000000000000000000000000000000000000000000000000000000000000000000000000000000000000000000000000000000000000000000000000000000000000000000000000000000000
000000000000000000000000000000001000000000000000001000000000000000000000000000000000000000000000000000000000000000000000000000000000000000000000000000000000000000000000000011000010000000000011000000000000001100000000000000000000000000000000000000000000000000000000000000000000000000000000000000000000000000000000000000000000000000000000000000000000000000000000
000000000000000000000000000000001000000000000000011000000000000000000000000000000000000000000000000000000000000000000000000111111000000000000000000000000000000000000000000110000010000000000110000001110000000100000000000000000000000000000000000000000000000000000000000000000000000000000000000000000000000000000000000000000000000000000000000000000000000000000000
000000000000000000000000000000001000011111111111100000000000000000000000111111000000000000000000000000000000000000000000011100001000000000000000000000000000000000000000011000000010000000000100001100001110000100000000000000000000000000000000000000000000000000000000000000000000000000000000000000000000000000000000000000000000000000000000000000000000000000000000
000000000000000000000000000000001000010000000000000000000000000000000000100001000000000000000000000000000011111111000000110011111000000000000000000000000000000000000000110000000010000000001000001000000010000010000000000000000000000000000000000000000000000000000000000000000000000000000000000000000000000000000000000000000000000000000000000000000000000000000000
000000000000000000000000000000000000000000000000000000000000000000000000100001000000000000000000000000000011110001000000101100000000000000000000000000000000000000000011100000000010000000001000000000000011000010000000000000000000000000000000000000000000000000000000000000000000000000000000000000000000000000000000000000000000000000000000000000000000000000000000
000000000000000000000000000000000000000000000000000000000000000000000000100001000000000000000000000000000000001001000001011000000000000000000000000000000000000000001110000000000010000000001000010000000001000010000000000000000000000000000000000000000000000000000000000000000000000000000000000000000000000000000000000000000000000000000000000000000000000000000000
000000000000000000000000000000010000000000000000000000000000000000000000100001000000000000000000000000000000001001000011110000000000000000000000000000000000000000001000000110000010000000001000010000000001000010000000000000000000000000000000000000000000000000000000000000000000000000000000000000000000000000000000000000000000000000000000000000000000000000000000
000000000000000000000000000000010000101111111000000000000000000000000000100001000000000000000000000000000000001001000111000000000000000000000000000000000000000000000000011101000010000000001101100000000010000010000000000000000000000000000000000000000000000000000000000000000000000000000000000000000000000000000000000000000000000000000000000000000000000000000000
000000000000000000000000000000010000111000001110000000000000000000000000100001000000000000000000000000000000000001101111000000000000000000000000000000000000000000000000110001000010000000000011000000000010000000000000000000000000000000000000000000000000000000000000000000000000000000000000000000000000000000000000000000000000000000000000000000000000000000000000
000000000000000000000000000000010000000000000011000000000000000000000001100001100000000000000000000000000000000000111110000000000000000000000000000000000000000000001111100001000010000000000000000000000110000100000000000000000000000000000000000000000000000000000000000000000000000000000000000000000000000000000000000000000000000000000000000000000000000000000000
000000000000000000000000000000010000000000000001100000000000000011111111000000111111110000000000000000000000000100111100000000000000000011111111111111111000000000000110000001000010000000000000000000001100000100000000000000000000000000000000000000000000000000000000000000000000000000000000000000000000000000000000000000000000000000000000000000000000000000000000
000000000000000000000000000000110000000111000000110000000000000010000000000000000000010000000000000000000000000100111000000000000000000110000000000000000100000000000000000001000010000000000000000000011000001100000000000000000000000000000000000000000000000000000000000000000000000000000000000000000000000000000000000000000000000000000000000000000000000000000000
000000000000000000000000000000110000110000110000011000000000000010000000000000000000010000000000000000000000000100010000000000000000000111111111111111111100000000000000000001000010000000000000000000110000011000000000000000000000000000000000000000000000000000000000000000000000000000000000000000000000000000000000000000000000000000000000000000000000000000000000
000000000000000000000000000000010011100000011000001000000000000010000000000000000000010000000000000000000000000110000000000000000000000000000000000000000000000000000000000001000010000000000000000001100000110000000000000000000000000000000000000000000000000000000000000000000000000000000000000000000000000000000000000000000000000000000000000000000000000000000000
000000000000000000000000000000011110000000001000001000000000000010000000000000000000010000000000000000000000000010010000000000000000000000000000000000000000000000000000000001000010000000000000000111000001100000000000000000000000000000000000000000000000000000000000000000000000000000000000000000000000000000000000000000000000000000000000000000000000000000000000
000000000000000000000000000000000000000000000100001100000000000011111111100001111111110000000000000000000000000110010000000000000000000000000000000000000000000000000000000001000010000000000000001100000011000000000000000000000000000000000000000000000000000000000000000000000000000000000000000000000000000000000000000000000000000000000000000000000000000000000000
000000000000000000000000000000000000000000000100000100000000000000000000100001000000000000000000000000000000000100010000000000000000000000000000000000000000000000000000000001000010000000000000001000000100000000000000000000000000000000000000000000000000000000000000000000000000000000000000000000000000000000000000000000000000000000000000000000000000000000000000
000000000000000000000000000000000000000000000100000100000000000000000000100001000000000000000000000000000000001111011000000000000000000111111111111111111100000000000000000001000010000000000000110000011000000000000000000000000000000000000000000000000000000000000000000000000000000000000000000000000000000000000000000000000000000000000000000000000000000000000000
000000000000000000000000000000111110000000000100000100000000000000000000100001000000000000000000000000000000010101001000000000000000000100000000000000000100000000000000000001000010000000000001100000110000000000000000000000000000000000000000000000000000000000000000000000000000000000000000000000000000000000000000000000000000000000000000000000000000000000000000
000000000000000000000000000000100010000000000100001100000000000000000000100001000000000000000000000000000000111001001000000000000000000110000000000000000100000000000000000001000010000000000011000001100000000000000000000000000000000000000000000000000000000000000000000000000000000000000000000000000000000000000000000000000000000000000000000000000000000000000000
000000000000000000000000000000100011000000001100001000000000000000000000100001000000000000000000000000000001111001001000000000000000000011111111111111111100000000000000000001000010000000000110000011000000000000000000000000000000000000000000000000000000000000000000000000000000000000000000000000000000000000000000000000000000000000000000000000000000000000000000
000000000000000000000000000000100001100000001000011000000000000000000000100001000000000000000000000000000011110000101000000000000000000000000000000000000000000000000000000001000010000000000100000110000000000000000000000000000000000000000000000000000000000000000000000000000000000000000000000000000000000000000000000000000000000000000000000000000000000000000000
000000000000000000000000000000100000110000111000010000000000000000000000111111000000000000000000000000000011100000101000000000000000000000000000000000000000000000000000000001000010000000001000000111111111111100000000000000000000000000000000000000000000000000000000000000000000000000000000000000000000000000000000000000000000000000000000000000000000000000000000
000000000000000000000000000000110000011111100000110000000000000000000000000000000000000000000000000000000101000000101000000000000000000000000000000000000000000000000000000001000010000000001000000000000000000010000000000000000000000000000000000000000000000000000000000000000000000000000000000000000000000000000000000000000000000000000000000000000000000000000000
000000000000000000000000000000010000000000000001100000000000000000000000000000000000000000000000000000001111000000101000000000000000000000000000000000000000000000000000000001000010000000001000000000000000000010000000000000000000000000000000000000000000000000000000000000000000000000000000000000000000000000000000000000000000000000000000000000000000000000000000
000000000000000000000000000000001100000000000001000000000000000000000000000000000000000000000000000000011010000000101000000000000000000000000000000000000000000000000000000001000010000000001000000000000000000010000000000000000000000000000000000000000000000000000000000000000000000000000000000000000000000000000000000000000000000000000000000000000000000000000000
000000000000000000000000000000000111000000001110000000000000000000000000000000000000000000000000000001101100000000100111100000000000000000000000000000000000000000000000000001000110000000000100000000000000000110000000000000000000000000000000000000000000000000000000000000000000000000000000000000000000000000000000000000000000000000000000000000000000000000000000
000000000000000000000000000000000001111111111000000000000000000000000000000000000000000000000000011110011000000000111111100000000000000000000000000000000000000000000000000000111100000000000011111111111111111100000000000000000000000000000000000000000000000000000000000000000000000000000000000000000000000000000000000000000000000000000000000000000000000000000000
000000000000000000000000000000000000000000000000000000000000000000000000000000000000000000000000010000110000000000000000000000000000000000000000000000000000000000000000000000000000000000000000000000000000000000000000000000000000000000000000000000000000000000000000000000000000000000000000000000000000000000000000000000000000000000000000000000000000000000000000
000000000000000000000000000000000000000000000000000000000000000000000000000000000000000000000000011001100000000000000000000000000000000000000000000000000000000000000000000000000000000000000000000000000000000000000000000000000000000000000000000000000000000000000000000000000000000000000000000000000000000000000000000000000000000000000000000000000000000000000000
000000000000000000000000000000000000000000000000000000000000000000000000000000000000000000000000001110000000000000000000000000000000000000000000000000000000000000000000000000000000000000000000000000000000000000000000000000000000000000000000000000000000000000000000000000000000000000000000000000000000000000000000000000000000000000000000000000000000000000000000
000000000000000000000000000000000000000000000000000000000000000000000000000000000000000000000000000000000000000000000000000000000000000000000000000000000000000000000000000000000000000000000000000000000000000000000000000000000000000000000000000000000000000000000000000000000000000000000000000000000000000000000000000000000000000000000000000000000000000000000000
000000000000000000000000000000000000000000000000000000000000000000000000000000000000000000000000000000000000000000000000000000000000000000000000000000000000000000000000000000000000000000000000000000000000000000000000000000000000000000000000000000000000000000000000000000000000000000000000000000000000000000000000000000000000000000000000000000000000000000000000
000000000000000000000000000000000000000000000000000000000000000000000000000000000000000000000000000000000000000000000000000000000000000000000000000000000000000000000000000000000000000000000000000000000000000000000000000000000000000000000000000000000000000000000000000000000000000000000000000000000000000000000000000000000000000000000000000000000000000000000000
000000000000000000000000000000000000000000000000000000000000000000000000000000000000000000000000000000000000000000000000000000000000000000000000000000000000000000000000000000000000000000000000000000000000000000000000000000000000000000000000000000000000000000000000000000000000000000000000000000000000000000000000000000000000000000000000000000000000000000000000
000000000000000000000000000000000000000000000000000000000000000000000000000000000000000000000000000000000000000000000000000000000000000000000000000000000000000000000000000000000000000000000000000000000000000000000000000000000000000000000000000000000000000000000000000000000000000000000000000000000000000000000000000000000000000000000000000000000000000000000000
000000000000000000000000000000000000000000000000000000000000000000000000000000000000000000000000000000000000000000000000000000000000000000000000000000000000000000000000000000000000000000000000000000000000000000000000000000000000000000000000000000000000000000000000000000000000000000000000000000000000000000000000000000000000000000000000000000000000000000000000
000000000000000000000000000000000000000000000000000000000000000000000000000000000000000000000000000000000000000000000000000000000000000000000000000000000000000000000000000000000000000000000000000000000000000000000000000000000000000000000000000000000000000000000000000000000000000000000000000000000000000000000000000000000000000000000000000000000000000000000000
000000000000000000000000000000000000000000000000000000000000000000000000000000000000000000000000000000000000000000000000000000000000000000000000000000000000000000000000000000000000000000000000000000000000000000000000000000000000000000000000000000000000000000000000000000000000000000000000000000000000000000000000000000000000000000000000000000000000000000000000
000000000000000000000000000000000000000000000000000000000000000000000000000000000000000000000000000000000000000000000000000000000000000000000000000000000000000000000000000000000000000000000000000000000000000000000000000000000000000000000000000000000000000000000000000000000000000000000000000000000000000000000000000000000000000000000000000000000000000000000000
000000000000000000000000000000000000000000000000000000000000000000000000000000000000000000000000000000000000000000000000000000000000000000000000000000000000000000000000000000000000000000000000000000000000000000000000000000000000000000000000000000000000000000000000000000000000000000000000000000000000000000000000000000000000000000000000000000000000000000000000
000000000000000000000000000000000000000000000000000000000000000000000000000000000000000000000000000000000000000000000000000000000000000000000000000000000000000000000000000000000000000000000000000000000000000000000000000000000000000000000000000000000000000000000000000000000000000000000000000000000000000000000000000000000000000000000000000000000000000000000000
000000000000000000000000000000000000000000000000000000000000000000000000000000000000000000000000000000000000000000000000000000000000000000000000000000000000000000000000000000000000000000000000000000000000000000000000000000000000000000000000000000000000000000000000000000000000000000000000000000000000000000000000000000000000000000000000000000000000000000000000
000000000000000000000000000000000000000000000000000000000000000000000000000000000000000000000000000000000000000000000000000000000000000000000000000000000000000000000000000000000000000000000000000000000000000000000000000000000000000000000000000000000000000000000000000000000000000000000000000000000000000000000000000000000000000000000000000000000000000000000000
000000000000000000000000000000000000000000000000000000000000000000000000000000000000000000000000000000000000000000000000000000000000000000000000000000000000000000000000000000000000000000000000000000000000000000000000000000000000000000000000000000000000000000000000000000000000000000000000000000000000000000000000000000000000000000000000000000000000000000000000
000000000000000000000000000000000000000000000000000000000000000000000000000000000000000000000000000000000000000000000000000000000000000000000000000000000000000000000000000000000000000000000000000000000000000000000000000000000000000000000000000000000000000000000000000000000000000000000000000000000000000000000000000000000000000000000000000000000000000000000000
000000000000000000000000000000000000000000000000000000000000000000000000000000000000000000000000000000000000000000000000000000000000000000000000000000000000000000000000000000000000000000000000000000000000000000000000000000000000000000000000000000000000000000000000000000000000000000000000000000000000000000000000000000000000000000000000000000000000000000000000
000000000000000000000000000000000011111111111111100000000000000000000000000000000000000000000000000000000000000000000000000000000000000000000000000000000000000000011111111111111000000000000000000000000000000000000000000000000000000000000001111000000000000000011111111100000000000000000000000000000000000000000000000001111111111111100000000000000000000000000000
000000000000000000000000000000000110000000000000110000000000000000000000000000000000000000000000000000000000000000000000000000000000000000000000000000000000000001100000000000001110000000000000000000000000000000000000000000000000000000000011001000000000000001100000000111000000000000000000000000000000000000000000000010000000000000011000000000000000000000000000
000000000000000000000000000000001100000000000000011000000000000000000000000000000000000000000000000000000000000000000000000000000000000000000000000000000000000001000000000000000010000000000000000000000000000000000000000000000000000000000010000000000000000110000000000001100000000000000000000000000000000000000000000100000000000000001000000000000000000000000000
000000000000000000000000000000001000000000000000001000000000000000000000000000000000000000000000000000000000000000000000000000000000000000000000000000000000000010000000000000000010000000000000000000000000000000000000000000000000000000000100000000000000001100000000000000110000000000000000000000000000000000000000000100000000000000001000000000000000000000000000
000000000000000000000000000000001000000000000000011000000000000000000000000000000000000000000000000000000000000000000000000110001000000000000000000000000000000010000000000000000110000000000000000000000000000000000000000000000000000000011000000000000000011000001111110000001000000000000000000000000000000000000000001100000000000000011000000000000000000000000000
000000000000000000000000000000001000011111111111110000000000000000000000111111000000000000000000000000000000000000000000001100001000000000000000000000000000000010000111111111111100000000000000000000000000000000000000000000000000000000110000000000000000010000011000011000001000000000000000000000000000000000000000001000011111111111110000000000000000000000000000
000000000000000000000000000000001000010000000000000000000000000000000000100001000000000000000000000000000011111111000000011011111000000000000000000000000000000010000100000000000000000000000000000000000000000000000000000000000000000001100000000000000000010000110000001000001000000000000000000000000000000000000000001000010000000000000000000000000000000000000000
000000000000000000000000000000000000000000000000000000000000000000000000100001000000000000000000000000000010111001000000101110000000000000000000000000000000000110001100000000000000000000000000000000000000000000000000000000000000000111000000000000000000010000100000000100001000000000000000000000000000000000000000001000010000000000000000000000000000000000000000
000000000000000000000000000000000000000000000000000000000000000000000000100001000000000000000000000000000011001001000001111000000000000000000000000000000000000100001000000000000000000000000000011111111111111111111100000000000000011100000000000000000000000000100000000100000100000000000000000000000000000000000000001000010000000000000000000000000000000000000000
000000000000000000000000000000010000100000000000000000000000000000000000100001000000000000000000000000000000001001000011100000000000000000000000000000000000000100001000000000000000000000000000110000000000000000000100000000000000110000001100000000000000010001000000000100000100000000000000000000000000000000000000011000010000000000000000000000000000000000000000
000000000000000000000000000000010000100111111000000000000000000000000000100001000000000000000000000000000000001001000111000000000000000000000000000000000000000100001001111110000000000000000000100000000000000000000100000000000000100000111100000000000000011011000000000100001000000000000000000000000000000000000000010000100111111000000000000000000000000000000000
000000000000000000000000000000010000111000001110000000000000000000000000100001000000000000000000000000000000000001001111000000000000000000000000000000000000000100001110000011100000000000000000100000000000000000000100000000000000100001100100000000000000001110000000000000001000000000000000000000000000000000000000010000111000001110000000000000000000000000000000
000000000000000000000000000000010000000000000011000000000000000000000000100001100000000000000000000000000000000000111110000000000000000000000000000000000000000100000000000000110000000000000000100000000000000000000100000000000000110111000100000000000000000000000000001000001000000000000000000000000000000000000000010000000000000011100000000000000000000000000000
000000000000000000000000000000010000000000000001100000000000000011111111100000111111110000000000000000000000000100110100000000000000000000000000000000000000000000000000000000011000000000000000010000000000000000000100000000000000011100000100000000000000000000000000011000001000000000000000000000000000000000000000010000000000000000100000000000000000000000000000
000000000000000000000000000000110000011111100000110000000000000010000000000000000000010000000000000000000000000100011000000000000000000000000000000000000000000000000111111000000100000000000000000000000000000000000000000000000000000000000100000000000000000000000000110000010000000000000000000000000000000000000000010000001111100000010000000000000000000000000000
000000000000000000000000000000110000110000110000011000000000000010000000000000000000010000000000000000000000000100010000000000000000000000000000000000000000000000001100001100000110000000000000000000000000000000000000000000000000000000000100000000000000000000000011100000110000000000000000000000000000000000000000010000111000010000011000000000000000000000000000
000000000000000000000000000000010001100000011000001000000000000010000000000000000000010000000000000000000000000100010000000000000000000000000000000000000000000100011000000110000010000000000000000000000000000000000000000000000000000000000100000000000000000000000010000001100000000000000000000000000000000000000000010001100000001000001000000000000000000000000000
000000000000000000000000000000011111000000001000001000000000000010000000000000000000010000000000000000000000000010010000000000000000011111111111100000000000000111110000000011000010000000000000011111111111111111111100000000000000000000000100000000000000000000001100000011000000000000000001111111111110000000000000011111000000001000001000000000000000000000000000
000000000000000000000000000000000000000000000100000100000000000001111111100001111111100000000000000000000000000100010000000000000000100000000000100000000000000000000000000001000000000000000000010000000000000000000100000000000000000000000100000000000000000000011000000100000000000000000000000000000010000000000000000000000000000100000100000000000000000000000000
000000000000000000000000000000000000000000000100000100000000000000000000100001000000000000000000000000000000001111010000000000000000100000000000100000000000000000000000000001000000000000000000100000000000000000000100000000000000000000000100000000000000000000110000011000000000000000000010000000000010000000000000000000000000000100000100000000000000000000000000
000000000000000000000000000000000000000000000100000100000000000000000000100001000000000000000000000000000000001111011000000000000000100000000000100000000000000000000000000001000000000000000000100000000000000000000100000000000000000000000100000000000000000001100000110000000000000000000010000000000010000000000000000000000000000100000100000000000000000000000000
000000000000000000000000000000111110000000000100000100000000000000000000100001000000000000000000000000000000010101001000000000000000111000000111100000000000001111100000000001000000000000000000100000000000000000000100000000000000000000000100000000000000000011000001100000000000000000000001110000001110000000000000011110000000000100000100000000000000000000000000
000000000000000000000000000000100010000000000100001100000000000000000000100001000000000000000000000000000000111001001000000000000000000111111000000000000000001000100000000001000000000000000000011111111111111111111100000000000000000000000100000000000000000110000011000000000000000000000000011111111000000000000000110010000000000100000100000000000000000000000000
000000000000000000000000000000100011000000001100001000000000000000000000100001000000000000000000000000000001111001001000000000000000000000000000000000000000001000010000000011000010000000000000000000000000000000000000000000000000000000000100000000000000001100000100000000000000000000000000000000000000000000000000100001000000001100001000000000000000000000000000
000000000000000000000000000000100001100000001000001000000000000000000000100001000000000000000000000000000011110000101000000000000000000000000000000000000000001000010000000010000010000000000000000000000000000000000000000000000000000000000100000000000000011000001100000000000000000000000000000000000000000000000000100001100000001000001000000000000000000000000000
000000000000000000000000000000100000100000011000011000000000000000000000110011000000000000000000000000000010100000101000000000000000000000000000000000000000001000001100000110000110000000000000000000000000000000000000000000000000000000000100000000000000010000001111111111111000000000000000000000000000000000000000100000110000011000011000000000000000000000000000
000000000000000000000000000000110000011101110000110000000000000000000000011110000000000000000000000000000101100000101000000000000000000000000000000000000000000100000111011100001100000000000000000000000000000000000000000000000000000000000100000000000000010000000000000000001100000000000000000000000000000000000000110000011101110000010000000000000000000000000000
000000000000000000000000000000010000000111000001100000000000000000000000000000000000000000000000000000001111000000101000000000000000000000000000000000000000000100000001100000001000000000000000000000000000000000000000000000000000000000000100000000000000000000000000000000000100000000000000000000000000000000000000011000000111000000100000000000000000000000000000
000000000000000000000000000000001100000000000011000000000000000000000000000000000000000000000000000000011110000000101100000000000000000000000000000000000000000011000000000000110000000000000000000000000000000000000000000000000000000000000100000000000000010000000000000000000100000000000000000000000000000000000000001100000000000011000000000000000000000000000000
000000000000000000000000000000000111000000001110000000000000000000000000000000000000000000000000000001111100000000100111100000000000000000000000000000000000000001110000000011100000000000000000000000000000000000000000000000000000000000000010001000000000011000000000000000001100000000000000000000000000000000000000000011000000001110000000000000000000000000000000
000000000000000000000000000000000001111111111000000000000000000000000000000000000000000000000000001110011000000000111111100000000000000000000000000000000000000000011111111110000000000000000000000000000000000000000000000000000000000000000011111000000000001111111111111111111000000000000000000000000000000000000000000001111111111000000000000000000000000000000000
000000000000000000000000000000000000000000000000000000000000000000000000000000000000000000000000011000110000000000000000000000000000000000000000000000000000000000000000000000000000000000000000000000000000000000000000000000000000000000000000000000000000000000000000000000000000000000000000000000000000000000000000000000000000000000000000000000000000000000000000
000000000000000000000000000000000000000000000000000000000000000000000000000000000000000000000000010001100000000000000000000000000000000000000000000000000000000000000000000000000000000000000000000000000000000000000000000000000000000000000000000000000000000000000000000000000000000000000000000000000000000000000000000000000000000000000000000000000000000000000000
000000000000000000000000000000000000000000000000000000000000000000000000000000000000000000000000000000000000000000000000000000000000000000000000000000000000000000000000000000000000000000000000000000000000000000000000000000000000000000000000000000000000000000000000000000000000000000000000000000000000000000000000000000000000000000000000000000000000000000000000
000000000000000000000000000000000000000000000000000000000000000000000000000000000000000000000000000000000000000000000000000000000000000000000000000000000000000000000000000000000000000000000000000000000000000000000000000000000000000000000000000000000000000000000000000000000000000000000000000000000000000000000000000000000000000000000000000000000000000000000000
000000000000000000000000000000000000000000000000000000000000000000000000000000000000000000000000000000000000000000000000000000000000000000000000000000000000000000000000000000000011111100000000000000000000000000000000000000000000000000000000000000000000000000000000000000000000000000000000000000000000000000000000000000000000000000000000000000000000000000000000
000000000000000000000000000000000000000000000000000000000000000000000000000000000000000000000000000000000000000000000000000000000000000000000000000000000000000000000000000000001110000110000000000000000000000000000000000000000000000000000000000000000000000000000000000000000000000000000000000000000000000000000000000000000000000000000000000000000000000000000000
000000000000000000000000000000000000000000000000000000000000000000000000000000000000000000000000000000000000000000000000000000000000000000000000000000000000000000000000000000011000000011000000000000000000000000000000000000000000000000000000000000000000000000000000000000000000000000000000000000000000000000000000000000000000000000000000000000000000000000000000
000000000000000000000000000000000000000000000000000000000000000000000000000000000000000000000000000000000000000000000000000000000000000000000000000000000000000000000000000000110000000000110000000000000000000000000000000000000000000000000000000000000000000000000000000000000000000000000000000000000000000000000000000000000000000000000000000000000000000000000000
000000000000000000000000000000000000000000000000000000000000000000000000000000000000000000000000000000000000000000000000000000000000000000000000000000000000000000000000000001100000000000011000000000000000000000000000000000000000000000000000000000000000000000000000000000000000000000000000000000000000000000000000000000000000000000000000000000000000000000000000
000000000000000000000000000000000000000000000000000000000000000000000000000000000000000000000000000000000000000000000000000000000000000000000000000000000000000000000000000001000000000000001000000000000000000000000000000000000000000000000000000000000000000000000000000000000000000000000000000000000000000000000000000000000000000000000000000000000000000000000000
000000000000000000000000000000000000000000000000000000000000000000000000000000000000000000000000000000000000000000000000000000000000000000000000000000000000000000000000000011000000000000000110000000000000000000000000000000000000000000000000000000000000000000000000000000000000000000000000000000000000000000000000000000000000000000000000000000000000000000000000
000000000000000000000000000000000000000000000000000000000000000000000000000000000000000000000000000000000000000000000000000000000000000000000000000000000000000000000000000010000000000000000011000000000000000000000000000000000000000000000000000000000000000000000000000000000000000000000000000000000000000000000000000000000000000000000000000000000000000000000000
000000000000000000000000000000000000000000000000000000000000000000000000000000000000000000000000000000000000000000000000000000000000000000000000000000000000000000000000000110000000000000000001100000000000000000000000000000000000000000000000000000000000000000000000000000000000000000000000000000000000000000000000000000000000000000000000000000000000000000000000
000000000000000000000000000000000000000000000000000000000000000000000000000000000000000000000000000000000000000000000000000000000000000000000000000000000000000000000000001100000000000000000000110000000000000000000000000000000000000000000000000000000000000000000000000000000000000000000000000000000000000000000000000000000000000000000000000000000000000000000000
000000000000000000000000000000000000000000000000000000000000000000000000000000000000000000000000000000000000000000000000000000000000000000000000000000000000000000000000001000000000000000000000001000000000000000000000000000000000000000000000000000000000000000000000000000000000000000000000000000000000000000000000000000000000000000000000000000000000000000000000
000000000000000000000000000000000000000000000000000000000000000000000000000000000000000000000000000000000000000000000000000000000000000000000000000000000000000000000000011000000000000000000000001100000000000000000000000000000000000000000000000000000000000000000000000000000000000000000000000000000000000000000000000000000000000000000000000000000000000000000000
000000000000000000000000000000000000000000000000000000000000000000000000000000000000000000000000000000000000000000000000000000000000000000000000000000000000000000000000010000000000000000000000000110000000000000000000000000000000000000000000000000000000000000000000000000000000000000000000000000000000000000000000000000000000000000000000000000000000000000000000
000000000000000000000000000000000000000000000000000000000000000000000000000000000000000000000000000000000000000000000000000000000000000000000000000000000000000000000000100000000000000000000000000001100000000000000000000000000000000000000000000000000000000000000000000000000000000000000000000000000000000000000000000000000000000000000000000000000000000000000000
000000000000000000000000000000000000000000000000000000000000000000000000000000000000000000000000000000000000000000000000000000000000000000000000000000000000000000000001100000000000000000000000000000110000000000000000000000000000000000000000000000000000000000000000000000000000000000000000000000000000000000000000000000000000000000000000000000000000000000000000
000000000000000000000000000000000000000000000000000000000000000000000000000000000000000000000000000001111111111111111100000000000000000000000000000000000000000000000011000000000000000000000000000000011000000000000000000000000000000000000000000000000000000000000000000000000000000000000000000000000000000000000000000000000000000000000000000000000000000000000000
000000000000000000000000000000000000000000000000000000000000000000000000000000000000000000000000000111000000000000000011000000000000000000000000000000000000000000000110000000011000000000000000000000001100000000000000000000000000000000000000000000000000000000000000000000000000000000000000000000000000000000000000000000000000000000000000000000000000000000000000
000000000000000000000000000000000000000000000000000000000000000000000000000000000000000000000000000100000000000000000001000000000000000000011110000000000000000000001100000000011000000000000000000000000110000000000000000000000000000000000000000000000000000000000000000000000000000000000000000000000000000000000000000000000000000000000000000000000000000000000000
000000000000000000000000000000000000000000000000000000011100000000000000000000000000000000000000000100000000000000000000000000000000000001100001100000000000000001110000000000011000000000000000000000000001100000000000000000000000000000000000000000000000000000000000000000000000000000000000000000000000000000000000000000000000000000000000000000000000000000000000
000000000000000000000000000000000000000000000000000001110110000000000000000000000000000000000000000110000000000000000001000000000000000011000000011000000000000111000000000000000000000000000000000000000000110000000000000000000000000000000000000000000000000000000000000000000000000000000000000000000000000000000000000000000000000000000000000000000000000000000000
000000000000000000000000000000000000000000000000000011000010000000000000000000000000000000000000000011111111111111000001000000000000000010000000001110000000011100000000000000001100000000000000000000000000011100000000000000000000000000000000000000000000000000000000000000000000000000000000000000000000000000000000000000000000000000000000000000000000000000000000
000000000000000000000000000000000000011111110000000110011110000000000000000000000000000000000000000000000000000011000011000000000000000110000000000011000001110000000000000000001100000000000000000000000000000011000000000000000000000000000000000000000000000000000000000000000000000000000000000000000000000000000000000000000000000000000000000000000000000000000000
000000000000000000000000000000000000010100010000001111100000000000000000000000000000000000000000000000000000000010000110000000000000000100000000000000110111000000000000000000001110000000000000000000000000000000111000000000000000000000000000000000000000000000000000000000000000000000000000000000000000000000000000000000000000000000000000000000000000000000000000
000000000000000000000000000000000000000010010000011100000000000111111111111111111111100000000000000000000000000100001100000000000000000100000000000000111010000000000000000000000110000000000000000000000000000000000011100000000000000000000000000000000000000000000000000000000000000000000000000000000000000000000000000000000000000000000000000000000000000000000000
000000000000000000000000000000000000000010010000111100000000000100000000000000000000100000000000000000000000001100011000000000000000000000000000000000010001000000000000000000000111000000000000000000000000000000000000011100000000000000000000000000000000000000000000000000000000000000000000000000000000000000000000000000000000000000000000000000000000000000000000
000000000000000000000000000000000000000010010001111000000000000100000000000000000000100000000000000000000000001000010000000000000000000000000000000000010001111000000000000000001111110000000000000000000000000000000000000111100000000000000000000000000000000000000000000000000000000000000000000000000000000000000000000000000000000000000000000000000000000000000000
000000000000000000000000000000000000000010010001110000000000000100000000000000000000100000000000000000000000010000110000000000000000000100000000011111110000001111110000000000111110111100000000000000000000000000000000000000111100000000000000000000000000000000000000000000000000000000000000000000000000000000000000000000000000000000000000000000000000000000000000
000000000000000000000000000000000000000001011011100000000000000100000000000000000000100000000000000000000000010000100000000000000000000011000000110111111100000000001111110111111011111110000000000000000000000000000000000000000111000000000000000000000000000000000000000000000000000000000000000000000000000000000000000000000000000000000000000000000000000000000000
000000000000000000000000000000000000000001001101000000000000000111111111111111111111100000000000000000000000100001100000000000000000000000110011101100111110000000000000111110011111000111111100000000000000000000000000000000000000100000000000000000000000000000000000000000000000000000000000000000000000000000000000000000000000000000000000000000000000000000000000
000000000000000000000000000000000000000001001110000000000000000000000000000000000000000000000000000000000001100001000000000000000000000000011111101100110111111111111111111000110001110001111000000000000000000000000000000000000000110000000000000000000000000000000000000000000000000000000000000000000000000000000000000000000000000000000000000000000000000000000000
000000000000000000000000000000000000000001000110000000000000000000000000000000000000000000000000000000000001000011000000000000000000000000001111001100011010111000011101100001000111111110011000000000000000000000000000000000000000010000000000000000000000000000000000000000000000000000000000000000000000000000000000000000000000000000000000000000000000000000000000
000000000000000000000000000000000000000000000100000000000000000000000000000000000000000000000000000000000011000010000000000000000000000000000110000100000101100111100111110000011111011111111100000000000000000000000000000000000000011000000000000000000000000000000000000000000000000000000000000000000000000000000000000000000000000000000000000000000000000000000000
000000000000000000000000000000000000000000100100000000000000000111111111111111111111100000000000000000000010000100000000000000000000000000000100001100000001110000000000111101111100000001110110000000000000000000000000000000000000001000000000000000000000000000000000000000000000000000000000000000000000000000000000000000000000000000000000000000000000000000000000
000000000000000000000000000000000000000001000100000000000000000100000000000000000000100000000000000000000010000100000000000000000000000000000100011100000000111000000000011110110000011111011111000000000000000000000000000000000000001000000000000000000000000000000000000000000000000000000000000000000000000000000000000000000000000000000000000000000000000000000000
000000000000000000000000000000000000000011100010000000000000000100000000000000000000100000000000000000000000000100000000000000000000000000000100111000000000111000000000000111110001110000000111100000000000000000000000000000000000001000000000000000000000000000000000000000000000000000000000000000000000000000000000000000000000000000000000000000000000000000000000
000000000000000000000000000000000000000010110010000000000000000100000000000000000000100000000000000000000100000100000000000000000000000000000101110000000000011000000000000001111110000000000101100000000000000000000000000000000000000100000000000000000000000000000000000000000000000000000000000000000000000000000000000000000000000000000000000000000000000000000000
000000000000000000000000000000000000000111010010000000000000000100000000000000000000100000000000000000000100000000000000000000000000000000000101100000000000011000000000000000111110000000000101010000000000000000000000000000000000000100000000000000000000000000000000000000000000000000000000000000000000000000000000000000000000000000000000000000000000000000000000
000000000000000000000000000000000000001110010010000000000000000111111111111111111111100000000000000000001000001000000000000000000000000000000101100000000000001100000000000000000111100000001110110000000000000000000000000000000000000100000000000000000000000000000000000000000000000000000000000000000000000000000000000000000000000000000000000000000000000000000000
000000000000000000000000000000000000011110010000000000000000000000000000000000000000000000000000000000001000001000000000000000000000000000000111000000000000001100000000000000000011111000001110110000000000000000000000000000000000001100000000000000000000000000000000000000000000000000000000000000000000000000000000000000000000000000000000000000000000000000000000
000000000000000000000000000000000000011100010000000000000000000000000000000000000000000000000000000000001000001000000000000000000000000000000110000000000001110100000000000000000000111100001010100000011100000000000000000000000000001000000000000000000000000000000000000000000000000000000000000000000000000000000000000000000000000000000000000000000000000000000000
000000000000000000000000000000000000101000010000000000000000000000000000000000000000000000000000000000001000001000000000000000000000000000001100000000000001101100000000000000000000011111001011001111101100000000000000000000000000001000000000000000000000000000000000000000000000000000000000000000000000000000000000000000000000000000000000000000000000000000000000
000000000000000000000000000000000001111000001000000000000000000000000000000000000000000000000000000000001000001000000000000000000000000000001000000000000000011010000000000000000000000111111010111111110000000000000000000000000000001000000000000000000000000000000000000000000000000000000000000000000000000000000000000000000000000000000000000000000000000000000000
000000000000000000000000000000000011100000001000000000000000000000000000000000000000000000000000000000001000010000000000000000000000000000010000000000000000000111100000000000000000000001110111110000000000000000000000000000000000001000000000000000000000000000000000000000000000000000000000000000000000000000000000000000000000000000000000000000000000000000000000
000000000000000000000000000000000111100000001000000000000000000000000000000000000000000000000000000000001000010000000000000000000000000000110000000000000000000011110000000000000000000000011011000000000000000000000000000000000000001000000000000000000000000000000000000000000000000000000000000000000000000000000000000000000000000000000000000000000000000000000000
000000000000000000000000000000001111000000011001111000000000000000000000000000000000000000000000000000001000110000000000000000000000000000100000000000000000000000111100000000000000000000001111000000000000000000000000000000000000010000000000000000000000000000000000000000000000000000000000000000000000000000000000000000000000000000000000000000000000000000000000
000000000000000000000000000011110110000000001111111000000000000000000000000000000000000000000000000000001111100000000000000000000000000001100000000000000000000000011111000000000000000000011111000000000000000000000000000000000000010000000000000000000000000000000000000000000000000000000000000000000000000000000000000000000000000000000000000000000000000000000000
000000000000000000000000000110001100000000000000000000000000000000000000000000000000000000000000000000000000000000000000000000000000000001000000000000000000000000001001100000000000000000111011000000000000000000000000000000000000010000000000000000000000000000000000000000000000000000000000000000000000000000000000000000000000000000000000000000000000000000000000
000000000000000000000000000111110000000000000000000000000000000000000000000000000000000000000000000000000000000000000000000000000000000001000000000000000000000000000110111000000000000001110101000000000000000000000000000000000000010000000000000000000000000000000000000000000000000000000000000000000000000000000000000000000000000000000000000000000000000000000000
000000000000000000000000000000000000000000000000000000000000000000000000000000000000000000000000000000000000000000000000000000000000000000100000000000000000000000000011001110000000000001110110000000000000000000000000000000000000010000000000000000000000000000000000000000000000000000000000000000000000000000000000000000000000000000000000000000000000000000000000
000000000000000000000000000000000000000000000000000000000000000000000000000000000000000000000000000000000000000000000000000000000000000000100000000000000000000000000001101111000000000011100110000000000000000000000000000000000000010000000000000000000000000000000000000000000000000000000000000000000000000000000000000000000000000000000000000000000000000000000000
000000000000000000000000000000000000000000000000000000000000000000000000000000000000000000000000000000000000000000000000000000000000000000110000000000000000000000000000111110110000000011101110000000000000000000000000000000000000010000000000000000000000000000000000000000000000000000000000000000000000000000000000000000000000000000000000000000000000000000000000
000000000000000000000000000000000000000000000000000000000000000000000000000000000000000000000000000000000000000000000000000000000000000000010000000000000000000000000000011111111100000011001100000000000000000000000000000000000000010000000000000000000000000000000000000000000000000000000000000000000000000000000000000000000000000000000000000000000000000000000000
000000000000000000000000000000000000000000000000000000000000000000000000000000000000000000000000000000000000000000000000000000000000000000001000000000000000000000000000000011110111000011011100000000000000000000000000000000000000100000000000000000000000000000000000000000000000000000000000000000000000000000000000000000000000000000000000000000000000000000000000
000000000000000000000000000000000000000000000000000000000000000000000000000000000000000000000000000000000000000000000000000000000000000000001100000000000000000000000000000000111111110011111000000000000000000000000000000000000000100000000000000000000000000000000000000000000000000000000000000000000000000000000000000000000000000000000000000000000000000000000000
000000000000000000000000000000000000000000000000000000000000000000000000000000000000000000000000000000000000000000000000000000000000000000000110000000000000000000000000000000000001111101111000000000000000000000000000000000000000100000000000000000000000000000000000000000000000000000000000000000000000000000000000000000000000000000000000000000000000000000000000
000000000000000000000000000000000000000000000000000000000000000000000000000000000000000000000000000000000000000000000000000000000000000000000011000000000000000000000000000000000000111101110000000000000000000000000000000000000000100000000000000000000000000000000000000000000000000000000000000000000000000000000000000000000000000000000000000000000000000000000000
000000000000000000000000000000000000000000000000000000000000000000000000000000000000000000000000000000000000000000000000000000000000000000000001100000000000000000000000000000000000001111100000000000000000000000000000000000000000100000000000000000000000000000000000000000000000000000000000000000000000000000000000000000000000000000000000000000000000000000000000
000000000000000000000000000000000000000000000000000000000000000000000000000000000000000000000000000000000000000000000000000000000000000000000000010000000000000000000000000000000000000000000000000000000000000000000000000000000000100000000000000000000000000000000000000000000000000000000000000000000000000000000000000000000000000000000000000000000000000000000000
000000000000000000000000000000000000000000000000000000000000000000000000000000000000000000000000000000000000000000000000000000000000000000000000011100000000000000000000000000000000000000000000000000000000000000000000000000000000100000000000000000000000000000000000000000000000000000000000000000000000000000000000000000000000000000000000000000000000000000000000
000000000000000000000000000000000000000000000000000000000000000000000000000000000000000000000000000000000000000000000000000000000000000000000000010110000000000000000000000000000000000000000000000000000000000000000000000000000000100000000000000000000000000000000000000000000000000000000000000000000000000000000000000000000000000000000000000000000000000000000000
000000000000000000000000000000000000000000000000000000000000000000000000000000000000000000000000000000000000000000000000000000000000000000000000011111000000000000000000000000000000000000000000000000000000000000000000000000000000100000000000000000000000000000000000000000000000000000000000000000000000000000000000000000000000000000000000000000000000000000000000
000000000000000000000000000000000000000000000000000000000000000000000000000000000000000000000000000000000000000000000000000000000000000000000000010111000000000000000000000000000000000000000000000000000000000000000000000000000000100000000000000000000000000000000000000000000000000000000000000000000000000000000000000000000000000000000000000000000000000000000000
000000000000000000000000000000000000000000000000000000000000000000000000000000000000000000000000000000000000000000000000000000000000000000000000011111110000000000000000000000000000000000000000000000000000000000000000000000000000100000000000000000000000000000000000000000000000000000000000000000000000000000000000000000000000000000000000000000000000000000000000
000000000000000000000000000000000000000000000000000000000000000000000000000000000000000000000000000000000000000000000000000000000000000000000000010111111000000000000000000000000000000000000000000000000000000000000000000000000000100000000000000000000000000000000000000000000000000000000000000000000000000000000000000000000000000000000000000000000000000000000000
000000000000000000000000000000000000000000000000000000000000000000000000000000000000000000000000000000000000000000000000000000000000000000000000011011111000000000000000000000000000000000000000000000000000000000000000000000000000100000000000000000000000000000000000000000000000000000000000000000000000000000000000000000000000000000000000000000000000000000000000
000000000000000000000000000000000000000000000000000000000000000000000000000000000000000000000000000000000000000000000000000000000000000000000000001110011100000000000000000000000000000000000000000000000000000000000000000000000000100000000000000000000000000000000000000000000000000000000000000000000000000000000000000000000000000000000000000000000000000000000000
000000000000000000000000000000000000000000000000000000000000000000000000000000000000000000000000000000000000000000000000000000000000000000000000000011110110000000000000000000000000000000000000000000000000000000000000000000000000100000000000000000000000000000000000000000000000000000000000000000000000000000000000000000000000000000000000000000000000000000000000
000000000000000000000000000000000000000000000000000000000000000000000000000000000000000000000000000000000000000000000000000000000000000000000000000000000111000000000000000000000000000000000000000000000000000000000000000000000000100000000000000000000000000000000000000000000000000000000000000000000000000000000000000000000000000000000000000000000000000000000000
000000000000000000000000000000000000000000000000000000000000000000000000000000000000000000000000000000000000000000000000000000000000000000000000000000001011100000000000000000000000000000000000000000000000000000000000000000101111111111011011110111101111111111110101101111111110111111000011111111111111111111111111111111111000101111110110111100111000000000000000
000000000000000000000000000000000000000000000000000000000000000000000000000000000000000000000000000000000000000000000000000000000000000000000000000000001101110000000000000000000000000000000000000000000000000000000000111111110100100000100100111000011100000111011011011000000001000000111100000000101001001000000000000000000111111000001101100011000000000000000000
000000000000000000000000000000000000000000000000000000000000000000000000000000000000000000000000000000000000000000000000000000000000000000000000000000011111111000000000000000000000000000000000000000000000000000000001100000000000100000000000000000000000000000000000000000000000000000000000000000000000000000000000000000000000000000000000000000000000000000000000
000000000000000000000000000000000000000000000000000000000000000000000000000000000000000000000000000000000000000000000000000000000000000000000000000000010011111000000000000000000000000000000000000000000000000000000011000000011111101110111100000000000000000000000000000000000000000000000000000000000000000000000000000000000000000000000000000000000000000000000000
000000000000000000000000000000000000000000000000000000000000000000000000000000000000000000000000000000000000000000000000000000000000000000000000000000100001101110000000000000000000000000000000000000000000000000000110001111111111111011011111110011111001100000111100001100000000010001111010000000011000001111100101111100011110000001101110000000000000000000000000
000000000000000000000000000000000000000000000000000000000000000000000000000000000000000000000000000000000000000000000000000000000000000000000000000000100000110110000000000000000000000000000000000000000000000000000100011111111011111111011001001111111001111110111111111111111110111101110111111111111111101011101111111110101111111111111111111111100000000000000000
000000000000000000000000000000000000000000000000000000000000000000000000000000000000000000000000000000000000000000000000000000000000000000000000000001000000011111000000000000000000000000000000000000000000000000001000011111111011011011011101111111111001111110111111111111010010101100011111111111110010101000111111111110110111111101110111111111110000000000000000
000000000000000000000000000000000000000000000000000000000000000000000000000000000000000000000000000000000000000000000000000000000000000000000000000001000000001101100000000000000000000000000000000000000000000000011000001001111111111011011111111110000001111110111111111110110010101100111011111011110101101111111111111110101110111101110111101111010000000000000000
000000000000000000000000000000000000000000000000000000000000000000000000000000000000000000000000000000000000000000000000000000000000000000000000000011000000001000110000000000000000000000000000000000000000000000010000001111011111111111111111111011110001111110111111111111111110111100111111111111111101001111111111111110011011011111111111111111100000000000000000
000000000000000000000000000000000000000000000000000000000000000000000000000000000000000000000000000000000000000000000000000000000000000000000000000001100000110000010000000000000000000000000000000000000000000001100000000000000000100000000000000000000000000000000000000000000000000000000000000000000110000000000000000000000000000000000000000000000000000000000000
000000000000000000000000000000000000000000000000000000000000000000000000000000000000000000000000000000000000000000000000000000000000000000000000000000111111000000000000000000000000000000000000000000000000000001000000000000000000100000000000000000000000000000000000000000000000000000000000000000000000000000000000000000000000000000000000000000000000000000000000
